120
100
110
Antena1|0|147|9|110|124|148|4|53|119|126|72|42|9|134|126|84|20|64|93|12|108|36|91|98|108|73|68|117|45|78|93|35|117|62|113|97|12|150|2|61|35|50|78|138|94|62|81|141|116|112|121|17|150|84|129|41|58|106|62|10|9|128|78|19|137|21|39|99|146|96|39|29|25|114|43|49|90|111|107|115|63|71|37|134|46|31|69|117|78|43|45|46|123|89|84|112|58|2|140|12|85|82|63|21|68|115|104|150|41|100|127|62|135|70|134|124|128|17|43|126|119|103|35|108|139|150|90|138|100|126|43|144|113|26|107|10|1|113|138|17|13|90|24|39|28|117|125|36|118|112
Antena2|147|0|129|115|88|67|118|109|85|134|134|40|61|83|9|51|148|123|7|30|76|112|64|75|23|12|141|28|74|42|123|37|93|103|50|90|47|21|50|110|54|25|79|119|134|109|115|143|54|69|94|30|2|54|109|105|98|52|18|109|23|15|90|66|93|117|109|50|73|120|76|130|128|130|68|104|114|88|90|71|124|115|123|123|22|139|94|104|44|107|145|17|79|5|84|83|19|102|96|73|48|62|44|79|25|143|14|57|146|19|108|50|146|147|113|5|101|52|87|148|49|134|145|84|13|149|13|10|145|94|102|84|44|41|31|89|43|8|138|131|90|23|102|113|148|90|16|38|114|121
Antena3|9|129|0|116|114|45|91|109|88|144|132|118|100|50|25|111|40|11|48|49|146|110|93|144|97|13|14|43|80|58|13|149|46|26|145|93|48|78|11|102|110|20|89|50|126|42|44|104|120|85|10|45|46|149|108|40|132|101|25|102|31|61|28|109|80|75|137|26|89|134|122|63|137|75|4|41|99|59|25|131|122|26|148|103|150|56|74|91|18|49|143|136|7|20|103|9|5|111|87|46|13|92|84|122|44|5|53|33|75|52|64|64|99|140|150|108|142|8|33|2|32|8|15|46|32|99|18|4|112|47|108|13|142|44|14|97|149|118|117|86|48|9|103|118|126|94|19|36|68|65
Antena4|110|115|116|0|46|24|118|4|40|72|21|135|79|37|27|138|31|74|86|1|148|67|133|110|131|38|16|15|16|55|138|4|55|38|79|108|39|7|96|133|30|123|77|119|119|45|37|8|104|40|116|46|87|130|121|40|12|126|100|43|121|71|55|127|134|91|145|143|98|39|82|82|34|15|118|14|86|136|134|13|98|21|10|33|9|3|94|112|57|123|145|24|27|18|94|117|110|80|46|33|103|140|139|50|62|40|98|56|132|126|99|49|18|138|40|138|34|19|102|117|23|54|4|117|46|44|94|99|54|64|86|77|67|40|16|125|107|92|88|2|84|76|129|13|105|73|118|44|30|108
Antena5|124|88|114|46|0|110|24|31|119|42|19|97|137|21|2|134|141|67|147|124|22|108|30|105|123|57|101|6|114|118|146|127|108|77|144|40|116|43|59|121|128|147|120|104|78|142|115|6|129|140|95|119|78|48|61|58|96|42|136|7|139|145|9|15|43|108|79|43|51|8|44|120|81|11|130|63|10|5|37|126|117|91|6|108|92|67|5|40|66|11|37|62|30|132|122|76|90|82|142|110|85|76|110|15|28|124|93|125|112|121|92|18|41|149|49|141|83|74|51|2|150|110|11|44|42|124|93|101|31|100|64|52|148|20|126|14|141|66|126|22|23|63|45|44|116|104|144|49|109|59
Antena6|148|67|45|24|110|0|112|106|49|60|93|124|34|51|147|14|134|48|49|21|101|139|1|129|59|146|84|81|126|150|45|121|63|97|103|119|131|28|108|133|24|64|16|28|17|70|64|72|88|74|137|95|35|90|146|33|19|4|116|31|104|6|42|35|105|62|122|119|17|44|21|88|69|40|15|114|134|11|14|9|113|136|106|141|138|80|148|93|75|35|119|86|92|18|67|75|90|144|27|65|97|81|119|110|104|43|71|30|39|143|44|1|114|93|111|69|41|81|49|33|13|14|150|44|145|138|141|39|16|148|76|91|119|94|79|66|19|51|91|18|19|145|64|114|139|61|147|69|143|75
Antena7|4|118|91|118|24|112|0|13|129|111|87|120|15|96|86|123|126|73|138|125|1|96|65|150|149|121|47|59|100|112|83|71|28|88|29|24|28|66|112|61|46|140|45|2|129|142|74|42|88|147|50|32|43|81|3|88|122|49|115|15|123|146|35|5|143|76|131|46|134|27|39|128|80|148|77|13|100|43|37|97|3|123|111|105|146|5|8|150|43|71|104|50|131|124|98|61|88|139|58|93|148|150|10|147|3|38|4|34|53|70|63|20|126|106|16|116|95|1|55|46|147|53|90|8|76|40|133|126|99|23|33|121|20|78|47|127|122|75|15|123|76|12|93|18|21|91|135|110|10|29
Antena8|53|109|109|4|31|106|13|0|143|44|33|12|59|108|13|20|77|12|106|95|86|132|76|99|66|100|4|143|139|1|120|59|143|18|97|139|91|69|140|10|13|84|150|120|80|83|44|41|89|127|25|93|57|81|14|79|2|132|73|29|93|14|34|147|8|70|59|91|138|5|77|140|98|140|101|115|82|2|33|76|49|91|89|129|73|107|25|116|37|58|98|138|85|77|64|112|6|17|59|98|54|41|13|22|93|96|28|48|16|20|6|106|61|18|143|112|128|67|29|5|139|27|51|146|20|97|68|20|84|30|77|60|62|115|33|124|83|76|52|111|14|112|33|112|66|37|94|37|145|74
Antena9|119|85|88|40|119|49|129|143|0|146|131|142|104|53|126|104|25|67|13|41|101|139|26|37|133|58|71|57|29|16|15|108|103|129|9|26|34|109|79|13|57|109|81|73|113|139|111|6|56|42|54|19|9|37|70|83|65|135|89|13|140|36|148|54|102|65|125|109|147|101|113|92|107|83|144|59|82|138|101|11|6|125|119|44|10|115|62|9|122|44|20|62|27|139|41|138|55|96|42|13|133|120|62|37|120|19|63|127|26|15|45|44|35|61|20|119|11|30|25|19|16|26|123|113|20|150|54|28|52|29|148|96|43|136|71|82|49|129|139|54|112|52|137|115|120|150|140|77|115|1
Antena10|126|134|144|72|42|60|111|44|146|0|89|1|67|135|66|27|105|106|78|111|20|77|42|89|37|29|17|97|69|48|62|12|88|66|111|102|133|17|68|88|102|64|3|75|59|78|62|5|53|45|49|3|31|68|68|121|29|90|22|150|142|104|83|27|102|105|109|108|13|92|86|1|129|27|112|139|148|132|13|112|31|128|147|41|100|20|68|30|36|69|90|78|137|63|25|111|110|86|55|98|18|111|31|31|119|125|84|86|37|147|11|5|136|123|67|112|67|39|34|101|77|16|147|94|147|118|140|96|122|4|146|76|40|130|69|45|53|130|34|19|51|24|121|85|83|113|88|32|94|42
Antena11|72|134|132|21|19|93|87|33|131|89|0|25|138|9|134|145|67|23|94|79|146|94|35|118|22|76|68|118|111|17|24|132|92|126|114|91|104|41|96|59|12|56|98|10|145|25|13|53|87|126|105|4|118|108|3|20|72|97|8|59|110|112|48|134|9|132|49|88|106|103|139|121|47|133|20|23|28|11|58|149|1|15|106|82|147|71|118|132|86|147|17|137|44|82|124|116|116|109|100|114|61|119|72|142|40|36|35|8|91|63|11|4|39|24|103|28|116|45|11|126|9|25|15|140|43|63|99|86|20|140|108|31|53|123|97|129|92|119|132|111|86|127|86|87|141|90|140|17|56|36
Antena12|42|40|118|135|97|124|120|12|142|1|25|0|76|34|20|80|84|19|112|36|117|98|130|133|144|17|107|126|61|41|140|15|41|61|108|103|102|65|40|116|79|115|105|13|101|12|97|18|23|7|104|111|141|22|48|101|6|99|132|43|113|38|82|113|29|124|7|103|95|122|135|118|117|11|64|136|24|114|36|51|121|115|46|77|79|126|70|128|80|43|70|15|108|83|19|79|107|29|114|29|62|89|57|138|18|144|141|117|28|82|51|131|75|33|144|72|17|50|92|77|134|107|53|77|12|109|147|133|148|53|101|5|3|48|85|69|130|10|24|131|2|105|102|7|10|16|22|26|86|139
Antena13|9|61|100|79|137|34|15|59|104|67|138|76|0|71|121|137|146|138|18|69|107|102|32|137|138|45|34|44|41|146|34|100|28|127|83|79|24|148|98|60|94|83|146|17|63|31|147|134|132|93|130|126|4|128|62|62|110|90|58|99|132|50|134|99|118|16|139|122|145|119|150|65|69|27|134|75|98|110|124|124|116|110|7|64|70|45|63|109|32|105|133|114|88|92|114|14|80|29|103|21|75|60|124|52|90|43|42|4|69|4|49|117|82|85|71|98|27|3|83|70|120|75|83|69|107|9|103|92|119|16|42|80|66|102|4|75|79|7|143|115|134|23|97|88|99|71|93|30|9|98
Antena14|134|83|50|37|21|51|96|108|53|135|9|34|71|0|116|138|128|49|42|42|39|121|37|84|113|57|92|29|22|143|9|114|51|69|147|104|121|24|47|44|106|116|68|86|48|148|94|78|27|148|38|142|110|76|79|21|92|51|45|124|13|114|131|149|11|131|136|40|92|76|7|101|122|45|104|72|94|33|76|16|24|11|88|44|69|85|12|22|108|93|147|108|146|141|134|67|48|137|36|96|84|59|141|72|123|25|45|89|147|73|126|112|71|5|99|73|103|148|87|150|20|150|99|87|44|14|50|53|84|145|84|102|93|113|29|20|31|149|93|50|141|129|130|138|6|45|48|133|86|109
Antena15|126|9|25|27|2|147|86|13|126|66|134|20|121|116|0|149|75|107|66|27|118|43|93|26|92|94|102|68|82|139|56|4|112|45|64|27|83|150|115|109|6|127|69|111|137|92|136|143|133|88|141|65|55|107|143|14|19|53|10|34|39|119|144|32|24|149|74|120|120|45|141|9|36|2|57|61|5|150|104|134|93|129|1|18|66|63|30|93|41|61|118|105|5|28|13|80|81|135|139|14|19|130|87|101|119|57|73|119|134|118|24|36|67|12|10|6|14|94|114|142|125|50|145|20|104|38|40|79|105|18|126|28|120|102|7|43|129|138|110|48|128|59|65|119|71|51|67|93|140|59
Antena16|84|51|111|138|134|14|123|20|104|27|145|80|137|138|149|0|95|137|22|34|58|127|7|107|56|148|107|44|24|108|58|103|21|64|51|99|120|60|14|129|131|118|45|45|27|128|52|45|138|69|29|47|135|77|149|91|129|29|41|14|56|36|36|131|68|58|101|107|121|83|36|127|93|95|13|1|58|31|11|143|58|98|126|75|133|109|5|31|81|60|113|21|54|16|70|3|15|113|117|49|52|52|3|17|48|125|130|139|78|71|18|61|15|36|3|28|97|128|98|84|71|147|141|18|21|54|29|101|134|91|147|16|91|136|98|112|114|49|36|55|33|28|113|87|134|96|19|1|107|123
Antena17|20|148|40|31|141|134|126|77|25|105|67|84|146|128|75|95|0|106|66|137|55|143|13|136|1|78|145|88|146|118|32|111|100|16|4|95|102|43|3|34|146|53|80|44|111|27|92|20|137|128|81|94|52|25|117|117|113|46|102|72|139|104|65|100|42|73|82|27|30|63|129|54|45|61|43|41|21|114|84|105|79|128|148|121|116|36|93|36|147|7|114|132|126|67|111|75|38|70|131|137|9|2|43|72|11|102|36|19|27|78|51|50|143|88|61|140|104|53|115|85|63|13|112|118|34|89|88|70|46|47|116|90|146|26|93|39|69|79|35|29|130|110|144|125|71|125|99|94|136|58
Antena18|64|123|11|74|67|48|73|12|67|106|23|19|138|49|107|137|106|0|99|18|6|61|65|19|69|66|27|49|25|50|47|107|18|81|45|84|150|144|58|62|88|103|130|88|62|136|43|71|139|2|71|23|94|3|129|116|27|20|138|92|105|61|77|65|141|42|11|85|109|68|117|18|45|124|104|123|93|149|59|126|129|33|97|2|40|41|59|67|147|68|6|140|149|83|109|10|3|19|57|85|109|42|50|15|13|33|6|106|90|3|84|134|119|87|94|29|35|73|102|100|127|42|48|29|71|133|124|60|33|108|103|63|6|27|136|48|80|22|62|136|41|123|139|16|88|121|11|125|108|50
Antena19|93|7|48|86|147|49|138|106|13|78|94|112|18|42|66|22|66|99|0|2|72|50|70|131|123|91|128|58|108|57|21|52|48|149|146|123|43|103|11|1|20|102|71|23|68|37|136|139|86|52|42|132|45|140|148|139|102|127|124|61|100|87|2|35|65|63|96|70|38|43|21|136|28|101|103|90|7|106|17|146|120|4|96|108|104|148|43|102|136|12|80|63|11|59|105|131|6|143|30|122|54|129|53|85|147|93|83|57|84|132|23|29|113|15|69|68|94|141|55|112|88|16|21|39|38|96|138|46|129|91|38|106|53|15|56|78|16|32|125|30|114|10|22|121|107|44|36|11|53|43
Antena20|12|30|49|1|124|21|125|95|41|111|79|36|69|42|27|34|137|18|2|0|33|61|142|137|89|29|111|75|67|93|34|120|86|28|111|141|68|59|110|148|137|144|62|45|89|80|33|110|35|33|108|37|19|7|11|119|124|128|93|94|83|81|88|6|66|83|110|108|51|125|50|10|49|74|57|117|28|19|143|105|83|145|147|87|98|2|35|9|111|37|26|95|19|46|50|31|57|21|11|122|9|120|137|122|128|118|124|73|127|12|40|137|138|22|145|51|75|8|3|108|26|58|142|8|54|26|126|39|9|114|78|77|135|126|72|77|108|69|58|48|21|105|67|148|79|22|26|115|142|5
Antena21|108|76|146|148|22|101|1|86|101|20|146|117|107|39|118|58|55|6|72|33|0|7|60|137|111|13|53|82|12|141|140|29|12|69|146|42|137|92|55|77|72|37|131|52|44|35|84|93|38|131|11|67|113|128|48|99|140|26|35|132|15|17|77|120|55|70|112|27|112|21|23|69|77|66|79|141|123|133|107|126|69|108|48|124|36|107|60|97|125|78|106|135|54|111|94|132|119|127|5|125|103|144|60|88|58|49|111|67|74|80|43|128|54|112|89|84|32|27|55|127|39|112|7|126|62|54|136|89|44|41|51|36|6|43|147|117|138|32|95|142|55|75|121|120|140|146|130|131|66|74
Antena22|36|112|110|67|108|139|96|132|139|77|94|98|102|121|43|127|143|61|50|61|7|0|80|26|63|66|113|100|15|149|134|17|105|37|103|89|8|88|47|26|87|83|13|39|142|108|67|54|75|33|60|83|21|22|53|128|10|103|88|75|122|50|117|100|113|105|147|109|49|50|63|39|60|108|49|102|108|54|121|47|86|22|93|86|24|2|34|146|128|18|11|25|14|142|43|24|118|86|93|101|100|13|117|138|63|6|50|11|29|144|135|147|54|85|107|106|44|124|99|4|25|31|76|90|37|134|36|103|141|131|63|123|78|15|97|79|84|67|56|85|22|34|120|82|108|76|108|148|74|132
Antena23|91|64|93|133|30|1|65|76|26|42|35|130|32|37|93|7|13|65|70|142|60|80|0|94|97|103|13|80|119|101|51|29|38|24|33|24|136|119|24|2|43|139|123|70|69|45|143|38|94|22|99|114|37|17|100|19|111|138|22|30|106|5|23|146|84|110|35|140|62|71|43|34|9|10|111|106|14|138|9|4|59|46|135|96|54|24|131|139|62|27|33|13|142|146|77|82|27|35|54|97|84|31|130|54|83|134|32|7|128|33|99|54|80|44|41|144|55|48|59|4|87|86|54|73|103|115|129|70|49|84|15|32|40|52|122|90|34|78|35|50|112|39|146|107|91|75|23|125|133|115
Antena24|98|75|144|110|105|129|150|99|37|89|118|133|137|84|26|107|136|19|131|137|137|26|94|0|44|135|28|70|57|89|49|149|32|140|141|19|43|75|8|79|103|96|32|5|98|135|131|114|84|47|8|10|37|105|58|22|137|115|110|43|147|72|76|1|118|6|124|68|5|87|70|94|67|24|87|36|145|48|24|52|134|57|73|82|93|3|80|30|67|2|59|74|62|19|59|136|57|128|111|51|104|82|121|54|79|17|41|40|64|27|120|142|150|65|66|59|92|31|117|140|49|80|139|52|78|7|15|52|35|119|103|93|29|107|74|106|70|1|75|66|134|78|68|43|37|125|123|112|80|106
Antena25|108|23|97|131|123|59|149|66|133|37|22|144|138|113|92|56|1|69|123|89|111|63|97|44|0|36|118|148|1|84|90|66|136|68|66|18|126|122|11|44|76|37|65|133|24|92|130|135|78|38|138|94|108|141|59|150|94|67|82|32|94|130|124|116|133|138|121|80|73|134|122|65|22|76|63|54|71|32|16|74|124|124|136|3|138|146|64|88|72|96|22|48|85|79|21|69|19|42|89|140|54|150|107|96|58|137|91|119|14|64|104|12|107|82|15|94|82|22|50|60|106|108|24|74|78|9|112|54|150|117|58|51|2|149|54|119|80|139|148|119|27|122|67|47|57|123|142|105|64|146
Antena26|73|12|13|38|57|146|121|100|58|29|76|17|45|57|94|148|78|66|91|29|13|66|103|135|36|0|116|104|66|124|5|3|74|75|91|141|102|121|150|26|81|36|87|121|41|97|46|25|13|88|92|130|91|11|80|13|96|135|71|76|123|146|54|135|34|9|115|120|79|88|16|17|25|116|100|9|136|36|105|141|131|142|139|69|49|64|27|3|40|57|100|111|106|95|122|3|95|89|130|56|41|140|97|143|49|32|23|25|111|27|83|143|135|85|81|127|35|6|134|144|125|48|38|33|133|133|91|13|101|36|31|49|136|105|54|31|113|135|47|136|98|105|139|69|59|71|32|10|10|145
Antena27|68|141|14|16|101|84|47|4|71|17|68|107|34|92|102|107|145|27|128|111|53|113|13|28|118|116|0|16|55|116|78|16|108|145|71|85|93|12|115|16|8|133|116|72|148|134|84|95|116|134|99|110|97|84|93|124|45|58|106|23|135|108|55|69|15|13|97|148|3|1|98|7|56|64|53|6|21|132|130|121|115|108|99|76|63|126|51|124|72|19|44|16|27|108|85|145|132|121|111|88|87|67|56|146|35|83|123|33|123|124|104|4|112|112|8|95|99|66|84|131|78|66|138|89|99|112|1|110|79|19|51|89|137|63|43|126|21|113|25|118|12|46|77|31|1|38|90|78|126|11
Antena28|117|28|43|15|6|81|59|143|57|97|118|126|44|29|68|44|88|49|58|75|82|100|80|70|148|104|16|0|27|147|112|144|83|19|40|79|123|29|92|71|28|45|72|112|59|49|132|126|26|63|135|26|145|77|45|69|57|53|89|134|135|12|113|17|94|106|125|130|119|39|119|16|132|67|140|118|76|81|58|81|50|49|107|98|33|81|42|56|31|90|146|28|95|72|118|57|55|38|22|29|33|84|125|105|60|137|72|99|125|127|90|74|100|61|121|129|33|55|84|111|71|14|73|20|110|144|29|49|10|37|84|20|12|32|87|107|63|40|67|83|101|87|49|130|4|8|56|76|73|109
Antena29|45|74|80|16|114|126|100|139|29|69|111|61|41|22|82|24|146|25|108|67|12|15|119|57|1|66|55|27|0|99|94|4|94|99|24|118|73|93|89|100|17|102|44|55|11|121|69|56|100|55|147|123|123|32|66|119|105|61|147|66|19|69|75|66|66|126|99|20|12|137|91|136|114|41|129|77|74|145|68|139|113|144|70|21|119|69|135|125|54|11|28|136|13|60|115|77|129|26|93|107|11|58|32|129|93|54|26|40|136|75|12|51|144|64|75|110|118|107|20|103|138|79|130|54|62|145|27|76|90|150|130|69|140|64|74|119|127|49|24|3|74|42|45|1|48|121|114|112|123|7
Antena30|78|42|58|55|118|150|112|1|16|48|17|41|146|143|139|108|118|50|57|93|141|149|101|89|84|124|116|147|99|0|116|67|64|57|101|102|56|48|60|26|58|82|9|141|60|150|90|130|86|45|71|96|62|37|78|114|111|7|78|119|2|69|33|107|137|71|38|107|87|21|147|120|90|10|58|7|97|105|108|44|37|91|15|45|129|91|66|70|148|109|67|16|50|45|1|93|68|139|92|79|3|128|124|64|25|6|11|150|17|22|125|136|89|61|55|38|2|52|109|29|109|150|75|2|109|58|36|100|1|128|81|139|55|31|27|4|15|70|71|104|109|6|10|12|141|81|108|20|125|2
Antena31|93|123|13|138|146|45|83|120|15|62|24|140|34|9|56|58|32|47|21|34|140|134|51|49|90|5|78|112|94|116|0|76|45|40|132|129|37|70|38|45|117|27|32|93|22|58|37|66|116|47|125|129|43|124|15|73|20|74|130|22|6|56|134|130|122|3|64|92|14|79|22|38|16|25|46|28|135|64|60|65|67|35|117|33|27|100|32|125|46|124|148|7|92|109|36|144|127|87|130|137|148|63|46|90|146|19|89|8|78|142|132|95|77|50|34|71|88|113|1|31|74|14|32|39|72|14|6|94|71|5|18|103|126|137|104|62|147|105|63|132|19|4|147|113|85|5|89|26|73|103
Antena32|35|37|149|4|127|121|71|59|108|12|132|15|100|114|4|103|111|107|52|120|29|17|29|149|66|3|16|144|4|67|76|0|56|61|107|45|21|27|50|20|28|29|69|36|91|105|39|124|83|99|91|59|85|51|99|145|14|141|62|131|100|140|34|108|14|16|122|55|70|91|112|2|9|65|11|137|47|6|72|82|147|134|128|82|107|80|18|104|81|29|115|123|42|58|139|93|114|120|21|26|146|49|13|85|63|116|12|48|84|150|128|140|70|10|115|70|116|3|65|84|144|74|19|125|70|116|71|75|105|127|112|119|140|44|88|92|130|43|39|53|93|140|144|26|8|145|67|111|83|93
Antena33|117|93|46|55|108|63|28|143|103|88|92|41|28|51|112|21|100|18|48|86|12|105|38|32|136|74|108|83|94|64|45|56|0|101|36|133|76|110|128|76|74|117|33|64|126|8|18|126|75|77|55|133|140|134|66|47|84|139|57|102|136|116|50|80|39|76|74|89|37|48|115|98|84|143|124|141|144|132|148|111|88|102|75|86|93|85|55|66|133|142|90|86|76|77|30|100|119|86|101|86|69|22|88|90|26|29|29|94|25|16|117|73|137|85|54|64|97|125|75|76|93|106|55|81|65|95|7|150|119|129|14|43|91|39|136|95|122|13|37|97|62|22|128|90|147|147|57|8|26|48
Antena34|62|103|26|38|77|97|88|18|129|66|126|61|127|69|45|64|16|81|149|28|69|37|24|140|68|75|145|19|99|57|40|61|101|0|11|18|93|101|111|3|121|73|133|71|33|113|57|2|87|42|88|48|104|3|39|13|132|45|95|48|12|38|95|65|50|76|21|51|115|130|119|79|70|7|99|4|69|57|32|72|96|101|55|93|28|104|131|70|42|104|14|53|60|111|19|74|45|16|64|88|99|99|4|22|104|139|66|51|99|12|100|102|124|48|134|142|44|53|27|46|48|39|41|12|67|32|149|17|86|148|68|137|69|14|79|80|68|89|147|29|127|80|51|3|68|133|125|45|138|138
Antena35|113|50|145|79|144|103|29|97|9|111|114|108|83|147|64|51|4|45|146|111|146|103|33|141|66|91|71|40|24|101|132|107|36|11|0|32|35|70|30|123|134|39|51|86|132|134|16|148|143|82|127|52|115|61|69|51|27|62|10|57|75|31|47|18|94|134|51|12|15|94|54|1|148|60|122|118|57|91|122|124|118|138|116|94|109|76|71|47|11|35|143|83|32|119|77|52|120|66|134|59|4|99|70|145|132|29|41|43|36|63|20|24|136|5|119|75|16|19|31|148|80|149|132|27|95|85|148|90|100|36|80|126|107|48|26|148|79|14|20|46|107|112|26|60|66|134|15|78|123|142
Antena36|97|90|93|108|40|119|24|139|26|102|91|103|79|104|27|99|95|84|123|141|42|89|24|19|18|141|85|79|118|102|129|45|133|18|32|0|122|39|101|24|88|79|66|8|130|92|95|120|33|129|143|38|148|115|79|57|96|122|127|124|6|89|55|131|105|58|120|55|27|148|122|91|117|135|142|13|67|62|106|93|126|9|56|18|51|51|57|101|5|97|51|45|106|117|39|71|98|120|101|130|138|109|51|112|58|32|2|116|73|31|9|46|96|41|24|101|121|140|144|81|142|34|144|37|49|71|142|5|76|12|23|129|99|21|85|131|99|61|94|111|1|141|8|60|37|141|97|50|72|135
Antena37|12|47|48|39|116|131|28|91|34|133|104|102|24|121|83|120|102|150|43|68|137|8|136|43|126|102|93|123|73|56|37|21|76|93|35|122|0|145|45|50|84|141|122|85|13|121|147|47|99|26|50|37|34|143|109|86|81|75|7|120|123|13|132|95|22|28|7|11|72|107|133|49|150|115|139|1|78|77|85|135|7|35|107|47|125|2|79|38|90|141|41|28|74|14|41|68|147|45|133|146|67|47|19|99|1|65|6|70|132|143|72|142|115|131|4|66|148|91|17|146|72|135|133|35|47|117|74|78|125|45|21|32|64|137|106|94|47|42|123|93|77|2|52|140|140|85|23|67|10|94
Antena38|150|21|78|7|43|28|66|69|109|17|41|65|148|24|150|60|43|144|103|59|92|88|119|75|122|121|12|29|93|48|70|27|110|101|70|39|145|0|130|57|127|118|89|141|30|58|32|107|82|149|15|52|87|20|27|145|63|17|136|86|2|97|93|38|103|10|133|29|130|77|20|109|80|138|150|112|82|88|9|29|40|2|128|10|90|70|70|58|77|32|78|42|21|137|110|144|101|43|34|42|41|68|135|56|17|75|127|13|122|132|72|7|10|119|113|117|66|103|24|92|39|87|8|135|84|9|92|122|42|136|41|99|61|90|27|112|78|64|58|56|150|13|36|114|21|44|105|26|111|45
Antena39|2|50|11|96|59|108|112|140|79|68|96|40|98|47|115|14|3|58|11|110|55|47|24|8|11|150|115|92|89|60|38|50|128|111|30|101|45|130|0|31|114|146|142|16|130|84|62|106|15|36|70|111|13|110|54|67|129|34|29|100|79|108|62|35|79|66|75|89|40|31|6|59|98|116|70|89|63|44|147|39|90|32|143|134|9|67|94|79|107|150|51|63|83|31|140|71|91|24|91|16|150|113|24|140|47|96|5|131|90|80|131|17|65|133|18|150|76|36|89|149|65|132|129|88|108|29|104|99|95|55|26|139|100|59|44|103|134|143|121|140|119|123|116|128|93|117|73|45|97|67
Antena40|61|110|102|133|121|133|61|10|13|88|59|116|60|44|109|129|34|62|1|148|77|26|2|79|44|26|16|71|100|26|45|20|76|3|123|24|50|57|31|0|84|142|38|61|19|138|41|52|134|33|106|55|52|21|34|91|81|110|31|5|133|110|36|22|22|31|147|17|108|134|137|113|60|53|84|24|92|18|69|115|130|39|137|56|147|118|16|76|70|40|91|57|105|21|64|143|80|100|24|129|5|53|49|76|81|40|65|111|94|139|40|138|57|117|50|56|128|66|113|72|24|42|125|6|51|67|140|3|90|71|100|38|44|5|40|58|14|64|16|139|87|5|115|49|80|61|30|120|145|41
Antena41|35|54|110|30|128|24|46|13|57|102|12|79|94|106|6|131|146|88|20|137|72|87|43|103|76|81|8|28|17|58|117|28|74|121|134|88|84|127|114|84|0|28|147|52|107|119|123|48|94|5|134|112|96|142|137|105|88|83|127|129|33|21|76|72|26|27|71|144|100|45|107|65|39|85|30|32|137|95|100|103|54|21|135|33|81|105|27|135|105|89|135|98|126|100|62|43|42|9|105|80|72|81|135|23|150|101|80|53|150|122|17|83|32|109|110|149|2|79|92|134|118|118|144|6|10|131|136|26|86|124|39|62|55|60|32|33|135|109|28|104|130|66|118|49|122|101|11|145|23|42
Antena42|50|25|20|123|147|64|140|84|109|64|56|115|83|116|127|118|53|103|102|144|37|83|139|96|37|36|133|45|102|82|27|29|117|73|39|79|141|118|146|142|28|0|97|111|45|15|64|56|124|67|43|130|44|7|86|128|33|123|149|29|101|4|75|32|99|31|19|119|104|140|90|144|92|32|5|20|122|44|39|38|137|52|12|118|131|128|41|37|88|38|127|127|106|130|149|101|25|3|100|71|140|18|91|38|57|94|110|32|149|80|23|19|90|122|74|126|57|1|20|66|65|84|57|109|49|79|88|133|35|149|32|111|42|28|114|1|26|125|139|81|106|51|49|95|28|68|114|121|75|34
Antena43|78|79|89|77|120|16|45|150|81|3|98|105|146|68|69|45|80|130|71|62|131|13|123|32|65|87|116|72|44|9|32|69|33|133|51|66|122|89|142|38|147|97|0|13|54|118|138|53|108|125|72|13|51|90|102|65|78|77|75|39|78|131|142|58|2|140|40|135|96|1|143|140|125|3|91|71|91|68|24|29|132|26|113|58|53|48|128|43|60|81|41|63|108|47|144|147|31|140|142|66|107|39|64|43|138|66|83|100|121|123|72|98|93|142|139|119|81|93|19|35|126|120|91|92|58|137|121|4|97|128|40|100|142|89|144|143|108|143|56|108|115|30|49|88|90|22|61|3|25|126
Antena44|138|119|50|119|104|28|2|120|73|75|10|13|17|86|111|45|44|88|23|45|52|39|70|5|133|121|72|112|55|141|93|36|64|71|86|8|85|141|16|61|52|111|13|0|137|86|49|144|66|10|40|76|101|46|86|95|17|2|142|69|139|144|67|83|14|31|30|113|77|75|41|28|13|41|17|96|39|81|51|22|132|99|17|68|84|117|18|129|144|93|17|107|44|49|137|94|19|13|148|109|45|93|136|102|90|139|135|122|81|138|36|61|62|10|137|68|78|134|32|150|88|16|126|2|82|98|81|112|74|8|33|98|116|101|130|67|50|148|68|98|55|140|34|66|75|131|43|84|137|142
Antena45|94|134|126|119|78|17|129|80|113|59|145|101|63|48|137|27|111|62|68|89|44|142|69|98|24|41|148|59|11|60|22|91|126|33|132|130|13|30|130|19|107|45|54|137|0|60|45|68|135|34|22|38|133|118|44|128|30|99|68|61|74|98|108|96|87|75|20|100|14|109|5|93|45|15|63|34|138|129|16|2|9|122|46|70|122|133|119|103|2|68|136|13|72|16|57|17|69|63|137|103|27|133|69|103|125|51|93|37|81|81|131|51|14|123|96|112|88|25|19|112|44|99|88|27|42|67|132|137|138|67|125|59|61|109|38|54|119|15|104|30|134|33|81|108|96|41|81|14|16|138
Antena46|62|109|42|45|142|70|142|83|139|78|25|12|31|148|92|128|27|136|37|80|35|108|45|135|92|97|134|49|121|150|58|105|8|113|134|92|121|58|84|138|119|15|118|86|60|0|39|14|111|16|70|38|110|71|9|68|23|144|52|46|71|81|128|94|11|135|112|11|3|67|129|80|70|33|69|19|133|83|113|66|81|80|12|39|62|60|13|4|21|88|20|65|135|87|140|126|146|79|128|77|143|89|109|108|98|90|129|69|35|42|110|63|10|51|56|94|88|3|53|73|32|107|116|62|20|46|14|77|81|8|130|97|69|1|40|3|11|47|111|34|40|68|132|69|118|68|82|45|36|109
Antena47|81|115|44|37|115|64|74|44|111|62|13|97|147|94|136|52|92|43|136|33|84|67|143|131|130|46|84|132|69|90|37|39|18|57|16|95|147|32|62|41|123|64|138|49|45|39|0|144|83|147|15|37|73|106|129|122|150|93|24|116|21|97|131|145|48|72|130|135|25|114|99|70|26|90|33|118|117|78|64|141|32|89|20|114|105|34|142|14|14|77|108|148|27|133|58|34|52|142|137|16|139|124|81|17|137|54|54|109|118|13|119|43|49|20|42|10|59|135|86|99|123|32|48|1|110|11|102|42|15|63|40|18|17|44|141|108|2|40|77|49|30|135|24|15|11|107|149|143|29|122
Antena48|141|143|104|8|6|72|42|41|6|5|53|18|134|78|143|45|20|71|139|110|93|54|38|114|135|25|95|126|56|130|66|124|126|2|148|120|47|107|106|52|48|56|53|144|68|14|144|0|39|55|76|17|104|33|2|59|97|86|138|91|58|35|37|87|87|133|97|97|3|128|25|118|4|137|24|22|99|95|109|6|148|127|57|20|9|117|87|136|57|92|2|3|75|115|32|26|65|68|109|86|39|61|109|91|72|7|97|19|90|103|23|135|75|61|118|107|129|107|124|78|68|135|71|64|109|91|133|87|59|3|7|67|10|81|120|139|26|75|72|101|112|63|111|34|138|42|61|139|115|17
Antena49|116|54|120|104|129|88|88|89|56|53|87|23|132|27|133|138|137|139|86|35|38|75|94|84|78|13|116|26|100|86|116|83|75|87|143|33|99|82|15|134|94|124|108|66|135|111|83|39|0|31|38|7|135|37|41|81|37|104|106|54|125|128|127|45|65|19|39|13|69|147|68|43|9|69|90|129|63|137|36|32|129|27|83|12|103|71|49|23|86|130|145|83|31|12|45|132|148|20|28|103|131|149|98|114|115|69|71|46|73|38|109|120|101|144|32|131|129|21|3|91|82|20|83|73|58|83|7|117|39|110|59|128|7|19|126|116|65|129|141|38|99|144|34|96|81|93|36|139|66|31
Antena50|112|69|85|40|140|74|147|127|42|45|126|7|93|148|88|69|128|2|52|33|131|33|22|47|38|88|134|63|55|45|47|99|77|42|82|129|26|149|36|33|5|67|125|10|34|16|147|55|31|0|67|122|100|92|4|126|138|14|68|55|10|50|144|94|51|65|9|134|70|40|141|30|81|120|142|126|140|48|78|76|44|82|64|57|61|122|76|48|5|108|40|116|111|45|145|94|92|68|5|147|34|91|108|43|24|57|133|47|4|101|102|41|142|82|134|41|72|148|82|10|5|33|18|131|1|150|26|136|150|6|108|1|91|5|6|85|44|74|96|112|9|60|139|47|62|67|134|58|119|58
Antena51|121|94|10|116|95|137|50|25|54|49|105|104|130|38|141|29|81|71|42|108|11|60|99|8|138|92|99|135|147|71|125|91|55|88|127|143|50|15|70|106|134|43|72|40|22|70|15|76|38|67|0|95|31|72|26|123|26|35|32|80|80|50|114|27|71|61|40|132|128|90|12|69|28|95|104|64|107|73|129|39|125|120|34|13|112|133|107|97|89|125|28|40|148|99|56|91|69|24|19|106|106|16|145|150|83|21|15|146|68|115|14|113|60|90|118|18|128|28|49|131|50|56|76|87|61|56|84|108|5|61|50|114|12|146|125|83|88|85|31|111|24|115|97|21|89|21|86|128|114|133
Antena52|17|30|45|46|119|95|32|93|19|3|4|111|126|142|65|47|94|23|132|37|67|83|114|10|94|130|110|26|123|96|129|59|133|48|52|38|37|52|111|55|112|130|13|76|38|38|37|17|7|122|95|0|148|81|107|85|25|15|53|78|95|68|45|62|47|58|108|26|120|93|41|96|113|57|128|121|101|111|81|124|45|86|26|90|33|61|74|39|150|107|20|35|84|139|85|55|15|144|9|45|92|134|10|130|133|110|113|124|51|63|72|134|123|131|45|76|117|136|143|80|68|43|115|109|36|42|39|6|102|103|39|66|45|101|54|143|65|122|83|16|99|11|145|21|130|136|26|91|70|58
Antena53|150|2|46|87|78|35|43|57|9|31|118|141|4|110|55|135|52|94|45|19|113|21|37|37|108|91|97|145|123|62|43|85|140|104|115|148|34|87|13|52|96|44|51|101|133|110|73|104|135|100|31|148|0|110|42|100|144|96|15|61|19|3|91|120|116|37|8|49|81|81|126|49|18|37|103|42|72|76|62|122|92|34|4|141|130|102|45|83|26|36|88|62|119|26|67|80|50|17|109|33|33|139|52|149|111|97|123|10|144|134|3|111|49|44|24|101|23|92|127|147|6|36|83|146|8|135|138|44|75|1|34|32|136|117|26|57|98|101|113|22|74|32|52|148|34|110|144|73|59|56
Antena54|84|54|149|130|48|90|81|81|37|68|108|22|128|76|107|77|25|3|140|7|128|22|17|105|141|11|84|77|32|37|124|51|134|3|61|115|143|20|110|21|142|7|90|46|118|71|106|33|37|92|72|81|110|0|113|122|57|77|98|141|56|109|3|123|104|97|67|69|25|52|68|107|101|147|18|142|4|26|55|42|68|114|85|10|26|140|23|11|146|106|6|123|134|137|10|51|58|50|61|100|58|145|64|149|86|13|93|96|124|108|90|10|12|108|136|67|148|21|144|38|81|62|25|41|86|85|130|100|80|136|43|41|61|58|61|22|113|79|99|111|111|1|96|35|36|35|36|27|87|38
Antena55|129|109|108|121|61|146|3|14|70|68|3|48|62|79|143|149|117|129|148|11|48|53|100|58|59|80|93|45|66|78|15|99|66|39|69|79|109|27|54|34|137|86|102|86|44|9|129|2|41|4|26|107|42|113|0|37|38|142|102|69|29|50|96|85|109|41|75|2|67|59|132|96|21|74|54|88|129|137|96|65|123|132|119|120|8|78|77|72|14|86|40|121|29|141|109|121|123|36|7|115|18|92|84|76|143|33|33|30|32|4|75|23|110|18|83|41|32|120|64|21|112|69|6|119|1|12|5|149|2|4|10|128|109|139|72|22|89|9|148|149|122|109|11|108|103|134|110|136|91|10
Antena56|41|105|40|40|58|33|88|79|83|121|20|101|62|21|14|91|117|116|139|119|99|128|19|22|150|13|124|69|119|114|73|145|47|13|51|57|86|145|67|91|105|128|65|95|128|68|122|59|81|126|123|85|100|122|37|0|40|130|118|53|124|58|78|105|91|18|36|108|85|59|131|114|70|66|128|125|143|95|108|59|110|58|99|135|7|104|4|4|15|54|131|100|119|107|99|41|109|20|109|14|147|44|110|149|107|114|30|51|62|135|120|141|53|19|143|24|44|86|89|106|75|99|87|46|41|45|95|82|96|75|33|5|66|93|90|65|50|137|66|33|129|121|38|13|62|60|113|53|103|107
Antena57|58|98|132|12|96|19|122|2|65|29|72|6|110|92|19|129|113|27|102|124|140|10|111|137|94|96|45|57|105|111|20|14|84|132|27|96|81|63|129|81|88|33|78|17|30|23|150|97|37|138|26|25|144|57|38|40|0|47|23|78|132|63|29|23|50|141|101|123|143|132|148|107|75|56|39|58|27|85|77|90|120|53|11|150|75|42|49|87|111|70|135|107|41|73|55|38|30|12|120|50|148|14|18|77|114|107|37|41|6|78|60|21|92|28|56|11|46|26|59|72|20|32|80|119|118|100|112|73|96|80|23|105|8|81|7|23|134|75|144|10|10|36|55|78|146|94|134|65|80|63
Antena58|106|52|101|126|42|4|49|132|135|90|97|99|90|51|53|29|46|20|127|128|26|103|138|115|67|135|58|53|61|7|74|141|139|45|62|122|75|17|34|110|83|123|77|2|99|144|93|86|104|14|35|15|96|77|142|130|47|0|139|94|35|111|13|125|46|127|141|141|84|74|41|88|82|77|112|85|29|102|74|137|47|38|45|71|83|15|16|70|67|81|97|59|38|34|82|1|117|44|111|127|79|75|125|141|42|37|6|104|81|99|73|136|39|108|87|16|140|56|3|143|38|73|111|90|24|38|134|134|127|60|63|60|114|49|90|35|43|132|38|52|92|27|20|82|24|48|84|38|82|68
Antena59|62|18|25|100|136|116|115|73|89|22|8|132|58|45|10|41|102|138|124|93|35|88|22|110|82|71|106|89|147|78|130|62|57|95|10|127|7|136|29|31|127|149|75|142|68|52|24|138|106|68|32|53|15|98|102|118|23|139|0|37|93|146|106|123|3|84|109|99|116|45|45|87|95|31|134|105|147|26|106|25|31|80|112|14|129|140|99|44|96|23|78|72|97|90|30|28|61|105|45|12|52|1|47|70|140|44|122|56|46|80|136|44|95|99|20|131|48|10|11|77|137|143|135|76|120|15|90|10|27|15|1|70|110|107|6|111|26|82|142|4|108|132|20|3|71|126|70|120|61|18
Antena60|10|109|102|43|7|31|15|29|13|150|59|43|99|124|34|14|72|92|61|94|132|75|30|43|32|76|23|134|66|119|22|131|102|48|57|124|120|86|100|5|129|29|39|69|61|46|116|91|54|55|80|78|61|141|69|53|78|94|37|0|5|50|71|38|88|140|19|20|59|125|103|23|93|20|20|133|67|36|115|92|120|25|128|1|64|29|114|19|19|88|1|66|126|69|39|69|16|10|55|75|44|98|146|129|87|135|60|127|41|52|19|110|17|93|109|127|129|84|124|11|12|59|112|25|5|73|22|50|122|110|53|138|92|123|35|17|5|117|22|112|63|10|97|88|108|120|97|85|132|113
Antena61|9|23|31|121|139|104|123|93|140|142|110|113|132|13|39|56|139|105|100|83|15|122|106|147|94|123|135|135|19|2|6|100|136|12|75|6|123|2|79|133|33|101|78|139|74|71|21|58|125|10|80|95|19|56|29|124|132|35|93|5|0|127|37|106|36|133|110|147|36|93|18|105|71|131|55|105|84|95|65|110|126|143|116|90|39|104|17|37|132|16|141|13|125|14|141|62|19|69|99|95|77|51|6|52|122|95|133|118|10|115|84|34|83|51|5|96|23|1|62|100|23|141|123|77|48|142|45|59|88|111|21|104|29|74|117|105|144|42|26|89|100|17|42|5|144|99|138|78|51|17
Antena62|128|15|61|71|145|6|146|14|36|104|112|38|50|114|119|36|104|61|87|81|17|50|5|72|130|146|108|12|69|69|56|140|116|38|31|89|13|97|108|110|21|4|131|144|98|81|97|35|128|50|50|68|3|109|50|58|63|111|146|50|127|0|1|76|90|3|78|142|24|68|68|1|14|56|65|88|97|50|48|65|132|129|16|2|126|64|116|94|56|17|38|107|118|112|150|77|38|54|82|98|94|74|63|54|126|68|137|11|123|66|125|15|119|5|14|81|72|38|148|87|34|93|70|40|32|57|89|69|87|103|3|42|23|69|33|127|81|19|63|122|14|113|58|119|75|77|40|89|9|54
Antena63|78|90|28|55|9|42|35|34|148|83|48|82|134|131|144|36|65|77|2|88|77|117|23|76|124|54|55|113|75|33|134|34|50|95|47|55|132|93|62|36|76|75|142|67|108|128|131|37|127|144|114|45|91|3|96|78|29|13|106|71|37|1|0|38|91|148|116|81|119|148|55|96|70|40|147|100|35|41|103|85|127|33|117|95|135|62|141|74|129|15|23|94|37|35|109|95|64|4|134|7|5|21|82|64|74|13|147|41|65|76|54|99|110|16|116|149|12|34|64|42|103|146|114|2|115|22|147|10|15|13|19|12|26|72|52|116|110|52|72|134|48|100|39|81|52|116|17|44|99|45
Antena64|19|66|109|127|15|35|5|147|54|27|134|113|99|149|32|131|100|65|35|6|120|100|146|1|116|135|69|17|66|107|130|108|80|65|18|131|95|38|35|22|72|32|58|83|96|94|145|87|45|94|27|62|120|123|85|105|23|125|123|38|106|76|38|0|62|8|92|33|43|49|7|51|30|37|108|62|40|115|48|95|136|82|150|142|124|13|21|80|105|10|60|76|22|94|143|65|33|68|4|21|127|18|118|10|91|108|129|117|16|18|100|19|39|90|16|17|106|101|97|76|22|112|91|140|119|81|117|140|41|87|49|81|6|134|134|14|120|31|123|8|1|52|36|135|32|81|126|30|143|63
Antena65|137|93|80|134|43|105|143|8|102|102|9|29|118|11|24|68|42|141|65|66|55|113|84|118|133|34|15|94|66|137|122|14|39|50|94|105|22|103|79|22|26|99|2|14|87|11|48|87|65|51|71|47|116|104|109|91|50|46|3|88|36|90|91|62|0|84|42|72|139|147|136|141|40|59|125|76|75|12|13|145|92|57|6|69|143|47|97|57|53|19|131|68|11|21|58|74|27|38|43|134|75|78|125|24|79|11|83|148|21|93|92|77|41|28|140|23|120|88|15|86|147|150|147|9|29|120|102|37|7|66|10|56|34|81|117|89|91|32|84|55|84|28|101|114|22|17|59|34|6|140
Antena66|21|117|75|91|108|62|76|70|65|105|132|124|16|131|149|58|73|42|63|83|70|105|110|6|138|9|13|106|126|71|3|16|76|76|134|58|28|10|66|31|27|31|140|31|75|135|72|133|19|65|61|58|37|97|41|18|141|127|84|140|133|3|148|8|84|0|4|21|75|138|145|30|77|148|33|115|80|81|38|143|81|131|57|51|15|108|62|121|15|4|114|47|135|103|115|110|139|88|48|20|9|49|18|143|63|92|135|85|81|98|91|122|43|81|127|7|32|66|90|6|21|69|105|132|117|3|53|120|11|15|67|5|109|18|139|139|105|108|131|112|98|88|123|65|39|102|135|81|16|46
Antena67|39|109|137|145|79|122|131|59|125|109|49|7|139|136|74|101|82|11|96|110|112|147|35|124|121|115|97|125|99|38|64|122|74|21|51|120|7|133|75|147|71|19|40|30|20|112|130|97|39|9|40|108|8|67|75|36|101|141|109|19|110|78|116|92|42|4|0|110|137|51|57|127|32|136|123|68|70|61|53|148|88|127|61|139|84|44|148|140|16|85|76|116|35|14|91|46|77|54|16|14|89|130|140|114|99|133|26|21|142|142|71|61|96|31|47|48|3|14|56|127|119|21|33|1|74|40|99|18|65|4|145|144|20|115|59|130|115|102|51|123|85|142|29|84|51|51|135|26|33|105
Antena68|99|50|26|143|43|119|46|91|109|108|88|103|122|40|120|107|27|85|70|108|27|109|140|68|80|120|148|130|20|107|92|55|89|51|12|55|11|29|89|17|144|119|135|113|100|11|135|97|13|134|132|26|49|69|2|108|123|141|99|20|147|142|81|33|72|21|110|0|35|83|111|5|96|1|61|33|49|56|14|119|121|78|92|84|138|97|132|72|85|146|102|77|84|63|108|51|102|114|38|150|145|111|126|65|27|17|129|9|88|96|94|72|19|94|133|52|29|13|111|87|92|40|93|93|72|6|100|8|7|105|147|130|130|37|4|55|10|107|150|67|28|150|24|90|134|85|40|22|75|134
Antena69|146|73|89|98|51|17|134|138|147|13|106|95|145|92|120|121|30|109|38|51|112|49|62|5|73|79|3|119|12|87|14|70|37|115|15|27|72|130|40|108|100|104|96|77|14|3|25|3|69|70|128|120|81|25|67|85|143|84|116|59|36|24|119|43|139|75|137|35|0|45|78|49|84|90|149|37|89|146|90|142|141|3|14|89|82|26|77|77|40|6|142|4|76|82|88|115|6|140|126|25|88|29|147|140|21|64|69|83|65|6|104|60|85|20|75|43|53|36|12|137|3|49|95|67|48|130|143|107|109|64|114|140|66|88|33|25|28|25|90|12|112|64|55|98|103|27|32|142|105|11
Antena70|96|120|134|39|8|44|27|5|101|92|103|122|119|76|45|83|63|68|43|125|21|50|71|87|134|88|1|39|137|21|79|91|48|130|94|148|107|77|31|134|45|140|1|75|109|67|114|128|147|40|90|93|81|52|59|59|132|74|45|125|93|68|148|49|147|138|51|83|45|0|40|128|131|143|118|144|129|117|66|101|77|75|34|21|104|12|143|88|92|34|145|102|51|7|114|44|117|104|139|90|135|117|148|101|40|115|86|18|36|86|106|89|16|68|117|28|78|24|125|133|123|115|121|28|73|120|10|139|72|131|18|78|132|5|101|142|13|40|119|129|55|19|122|114|27|102|58|95|135|114
Antena71|39|76|122|82|44|21|39|77|113|86|139|135|150|7|141|36|129|117|21|50|23|63|43|70|122|16|98|119|91|147|22|112|115|119|54|122|133|20|6|137|107|90|143|41|5|129|99|25|68|141|12|41|126|68|132|131|148|41|45|103|18|68|55|7|136|145|57|111|78|40|0|118|57|97|15|54|55|95|149|21|2|116|62|3|112|119|78|82|59|140|74|89|45|32|84|15|110|107|51|3|98|113|4|49|75|95|86|44|14|62|14|140|145|78|130|78|6|109|36|117|123|146|109|110|10|25|16|46|116|6|3|28|104|118|17|40|31|43|100|15|40|141|105|147|145|74|26|17|27|139
Antena72|29|130|63|82|120|88|128|140|92|1|121|118|65|101|9|127|54|18|136|10|69|39|34|94|65|17|7|16|136|120|38|2|98|79|1|91|49|109|59|113|65|144|140|28|93|80|70|118|43|30|69|96|49|107|96|114|107|88|87|23|105|1|96|51|141|30|127|5|49|128|118|0|32|56|31|40|120|33|42|42|8|11|3|65|114|94|18|150|47|114|87|100|103|55|12|66|54|69|88|13|51|80|140|82|87|135|92|49|90|70|107|34|117|15|1|97|38|81|1|111|48|141|68|9|125|103|83|147|27|57|10|9|144|69|143|143|22|60|105|103|32|86|54|4|9|75|109|45|66|119
Antena73|25|128|137|34|81|69|80|98|107|129|47|117|69|122|36|93|45|45|28|49|77|60|9|67|22|25|56|132|114|90|16|9|84|70|148|117|150|80|98|60|39|92|125|13|45|70|26|4|9|81|28|113|18|101|21|70|75|82|95|93|71|14|70|30|40|77|32|96|84|131|57|32|0|62|101|33|87|137|84|77|82|104|21|27|49|61|81|103|17|73|142|7|52|103|1|119|148|116|49|68|29|4|67|81|131|48|93|109|18|36|5|37|149|99|17|49|62|53|52|137|93|87|22|118|67|93|2|3|32|117|103|102|145|128|104|95|127|97|105|9|108|136|18|80|82|14|76|11|61|49
Antena74|114|130|75|15|11|40|148|140|83|27|133|11|27|45|2|95|61|124|101|74|66|108|10|24|76|116|64|67|41|10|25|65|143|7|60|135|115|138|116|53|85|32|3|41|15|33|90|137|69|120|95|57|37|147|74|66|56|77|31|20|131|56|40|37|59|148|136|1|90|143|97|56|62|0|17|135|93|134|38|47|96|29|79|26|97|109|15|48|126|2|142|105|57|112|7|17|32|124|89|18|150|142|60|3|5|17|12|64|77|32|14|44|68|139|42|129|59|126|127|128|37|132|144|28|149|35|12|64|126|27|72|23|21|148|39|19|64|20|57|87|125|88|28|141|66|22|105|16|125|28
Antena75|43|68|4|118|130|15|77|101|144|112|20|64|134|104|57|13|43|104|103|57|79|49|111|87|63|100|53|140|129|58|46|11|124|99|122|142|139|150|70|84|30|5|91|17|63|69|33|24|90|142|104|128|103|18|54|128|39|112|134|20|55|65|147|108|125|33|123|61|149|118|15|31|101|17|0|23|12|140|135|27|83|14|14|9|90|128|94|143|85|111|1|2|2|50|30|22|67|94|141|113|38|110|132|115|115|128|34|111|74|149|133|138|39|67|33|25|27|135|36|76|21|36|115|129|94|81|120|101|62|2|5|143|149|78|89|141|10|120|37|68|116|86|141|96|88|137|92|139|101|107
Antena76|49|104|41|14|63|114|13|115|59|139|23|136|75|72|61|1|41|123|90|117|141|102|106|36|54|9|6|118|77|7|28|137|141|4|118|13|1|112|89|24|32|20|71|96|34|19|118|22|129|126|64|121|42|142|88|125|58|85|105|133|105|88|100|62|76|115|68|33|37|144|54|40|33|135|23|0|33|138|125|110|133|147|28|65|100|110|142|5|84|140|37|71|65|48|67|90|125|26|94|7|45|80|42|1|35|24|43|3|76|47|133|120|121|88|24|41|127|120|105|47|70|45|145|54|42|116|24|32|124|145|61|97|35|22|126|67|129|3|145|41|34|138|74|16|99|147|118|113|142|106
Antena77|90|114|99|86|10|134|100|82|82|148|28|24|98|94|5|58|21|93|7|28|123|108|14|145|71|136|21|76|74|97|135|47|144|69|57|67|78|82|63|92|137|122|91|39|138|133|117|99|63|140|107|101|72|4|129|143|27|29|147|67|84|97|35|40|75|80|70|49|89|129|55|120|87|93|12|33|0|61|131|96|55|40|5|68|83|62|122|69|67|75|129|41|98|149|8|46|45|92|14|39|90|104|39|55|76|5|61|23|47|14|84|29|5|97|139|18|31|50|17|111|61|38|44|12|76|52|138|31|43|41|16|117|78|28|85|3|105|65|5|110|111|36|92|148|144|16|111|136|45|117
Antena78|111|88|59|136|5|11|43|2|138|132|11|114|110|33|150|31|114|149|106|19|133|54|138|48|32|36|132|81|145|105|64|6|132|57|91|62|77|88|44|18|95|44|68|81|129|83|78|95|137|48|73|111|76|26|137|95|85|102|26|36|95|50|41|115|12|81|61|56|146|117|95|33|137|134|140|138|61|0|46|120|38|1|49|137|134|106|122|56|12|131|70|146|3|78|27|73|107|48|1|125|87|66|63|65|113|95|46|122|11|89|65|18|142|97|126|136|61|15|107|14|129|93|13|94|59|30|70|20|16|68|108|69|33|148|74|136|92|29|141|70|148|87|93|50|141|62|47|103|67|45
Antena79|107|90|25|134|37|14|37|33|101|13|58|36|124|76|104|11|84|59|17|143|107|121|9|24|16|105|130|58|68|108|60|72|148|32|122|106|85|9|147|69|100|39|24|51|16|113|64|109|36|78|129|81|62|55|96|108|77|74|106|115|65|48|103|48|13|38|53|14|90|66|149|42|84|38|135|125|131|46|0|16|78|87|109|123|53|130|129|87|91|26|80|69|147|73|66|107|71|136|8|16|106|141|77|67|31|11|34|85|140|108|127|39|115|118|35|95|121|112|35|78|116|1|69|29|111|22|7|77|36|29|50|129|57|150|113|22|139|88|142|86|93|37|53|42|84|45|24|145|95|134
Antena80|115|71|131|13|126|9|97|76|11|112|149|51|124|16|134|143|105|126|146|105|126|47|4|52|74|141|121|81|139|44|65|82|111|72|124|93|135|29|39|115|103|38|29|22|2|66|141|6|32|76|39|124|122|42|65|59|90|137|25|92|110|65|85|95|145|143|148|119|142|101|21|42|77|47|27|110|96|120|16|0|122|11|74|117|83|125|117|82|109|88|115|77|136|69|6|73|49|83|110|65|135|77|108|132|21|63|94|17|83|134|123|24|149|35|79|34|40|54|91|99|13|10|87|79|101|59|43|21|83|89|107|16|46|59|102|85|133|128|119|147|15|55|95|148|71|53|22|50|115|10
Antena81|63|124|122|98|117|113|3|49|6|31|1|121|116|24|93|58|79|129|120|83|69|86|59|134|124|131|115|50|113|37|67|147|88|96|118|126|7|40|90|130|54|137|132|132|9|81|32|148|129|44|125|45|92|68|123|110|120|47|31|120|126|132|127|136|92|81|88|121|141|77|2|8|82|96|83|133|55|38|78|122|0|144|19|58|76|137|87|64|1|135|117|26|73|68|113|9|148|102|34|83|96|124|131|5|141|33|21|36|132|38|63|31|74|140|14|112|21|92|25|17|38|66|118|6|64|33|76|134|20|19|44|139|150|27|130|118|85|95|87|111|78|136|91|142|32|39|32|36|87|44
Antena82|71|115|26|21|91|136|123|91|125|128|15|115|110|11|129|98|128|33|4|145|108|22|46|57|124|142|108|49|144|91|35|134|102|101|138|9|35|2|32|39|21|52|26|99|122|80|89|127|27|82|120|86|34|114|132|58|53|38|80|25|143|129|33|82|57|131|127|78|3|75|116|11|104|29|14|147|40|1|87|11|144|0|40|109|28|146|71|123|141|86|61|18|150|119|11|108|49|19|40|74|149|53|62|76|55|70|47|135|114|147|87|142|74|18|28|46|18|145|7|115|99|140|50|81|43|59|84|59|40|108|35|55|150|66|80|91|35|150|140|74|60|117|31|94|30|1|80|144|104|119
Antena83|37|123|148|10|6|106|111|89|119|147|106|46|7|88|1|126|148|97|96|147|48|93|135|73|136|139|99|107|70|15|117|128|75|55|116|56|107|128|143|137|135|12|113|17|46|12|20|57|83|64|34|26|4|85|119|99|11|45|112|128|116|16|117|150|6|57|61|92|14|34|62|3|21|79|14|28|5|49|109|74|19|40|0|24|113|46|40|31|37|23|45|108|57|104|5|148|21|38|135|119|101|76|55|37|39|47|4|58|99|61|115|66|41|140|117|56|147|86|25|51|35|38|63|115|109|139|132|117|94|101|120|136|126|125|137|142|48|148|17|42|140|106|36|81|86|106|106|51|40|23
Antena84|134|123|103|33|108|141|105|129|44|41|82|77|64|44|18|75|121|2|108|87|124|86|96|82|3|69|76|98|21|45|33|82|86|93|94|18|47|10|134|56|33|118|58|68|70|39|114|20|12|57|13|90|141|10|120|135|150|71|14|1|90|2|95|142|69|51|139|84|89|21|3|65|27|26|9|65|68|137|123|117|58|109|24|0|20|27|145|16|57|56|23|36|82|138|95|54|76|104|27|65|60|12|77|100|47|135|10|75|12|78|9|68|81|55|44|26|57|96|83|6|144|93|23|94|36|30|100|44|128|64|130|132|73|131|119|31|65|10|139|33|123|114|57|66|31|33|127|134|99|91
Antena85|46|22|150|9|92|138|146|73|10|100|147|79|70|69|66|133|116|40|104|98|36|24|54|93|138|49|63|33|119|129|27|107|93|28|109|51|125|90|9|147|81|131|53|84|122|62|105|9|103|61|112|33|130|26|8|7|75|83|129|64|39|126|135|124|143|15|84|138|82|104|112|114|49|97|90|100|83|134|53|83|76|28|113|20|0|93|115|13|97|56|149|94|54|145|48|16|121|52|106|137|87|140|147|105|149|75|92|45|42|49|95|31|133|102|114|73|56|83|133|33|52|98|14|30|88|40|85|115|16|131|91|94|50|120|51|107|37|150|122|112|9|36|103|32|29|96|13|104|107|82
Antena86|31|139|56|3|67|80|5|107|115|20|71|126|45|85|63|109|36|41|148|2|107|2|24|3|146|64|126|81|69|91|100|80|85|104|76|51|2|70|67|118|105|128|48|117|133|60|34|117|71|122|133|61|102|140|78|104|42|15|140|29|104|64|62|13|47|108|44|97|26|12|119|94|61|109|128|110|62|106|130|125|137|146|46|27|93|0|84|55|94|31|116|18|44|115|128|68|23|150|18|33|115|142|25|38|130|81|79|150|3|94|100|94|71|131|125|96|56|71|97|68|74|95|9|94|8|21|37|18|86|77|72|47|104|138|72|111|66|85|92|107|16|148|97|99|22|36|150|97|127|55
Antena87|69|94|74|94|5|148|8|25|62|68|118|70|63|12|30|5|93|59|43|35|60|34|131|80|64|27|51|42|135|66|32|18|55|131|71|57|79|70|94|16|27|41|128|18|119|13|142|87|49|76|107|74|45|23|77|4|49|16|99|114|17|116|141|21|97|62|148|132|77|143|78|18|81|15|94|142|122|122|129|117|87|71|40|145|115|84|0|98|141|78|123|95|121|130|91|16|112|37|28|97|28|118|74|18|121|14|118|103|117|58|25|52|125|69|54|95|120|124|13|113|116|124|20|66|38|6|142|14|62|35|6|94|105|72|131|111|28|101|9|105|78|95|10|93|147|133|149|43|107|59
Antena88|117|104|91|112|40|93|150|116|9|30|132|128|109|22|93|31|36|67|102|9|97|146|139|30|88|3|124|56|125|70|125|104|66|70|47|101|38|58|79|76|135|37|43|129|103|4|14|136|23|48|97|39|83|11|72|4|87|70|44|19|37|94|74|80|57|121|140|72|77|88|82|150|103|48|143|5|69|56|87|82|64|123|31|16|13|55|98|0|90|24|109|18|111|4|31|26|137|77|96|12|124|37|64|80|69|59|81|81|139|38|116|70|17|97|68|3|96|145|14|49|55|128|7|85|24|6|68|66|62|64|20|65|136|5|139|7|144|75|93|100|144|54|62|53|86|103|80|25|70|41
Antena89|78|44|18|57|66|75|43|37|122|36|86|80|32|108|41|81|147|147|136|111|125|128|62|67|72|40|72|31|54|148|46|81|133|42|11|5|90|77|107|70|105|88|60|144|2|21|14|57|86|5|89|150|26|146|14|15|111|67|96|19|132|56|129|105|53|15|16|85|40|92|59|47|17|126|85|84|67|12|91|109|1|141|37|57|97|94|141|90|0|131|58|129|141|46|116|146|55|7|149|108|16|111|72|121|50|78|19|68|105|78|81|145|62|4|124|61|123|77|131|129|62|69|32|13|23|69|46|86|125|23|74|74|1|23|57|38|135|48|130|26|147|121|109|51|89|147|17|145|142|11
Antena90|43|107|49|123|11|35|71|58|44|69|147|43|105|93|61|60|7|68|12|37|78|18|27|2|96|57|19|90|11|109|124|29|142|104|35|97|141|32|150|40|89|38|81|93|68|88|77|92|130|108|125|107|36|106|86|54|70|81|23|88|16|17|15|10|19|4|85|146|6|34|140|114|73|2|111|140|75|131|26|88|135|86|23|56|56|31|78|24|131|0|112|142|42|9|77|130|33|91|45|81|69|88|36|121|149|143|55|130|106|82|79|5|71|92|46|95|58|125|105|24|107|124|49|7|137|41|116|120|147|62|99|27|20|80|98|126|93|136|57|136|12|116|69|70|143|119|39|1|125|150
Antena91|45|145|143|145|37|119|104|98|20|90|17|70|133|147|118|113|114|6|80|26|106|11|33|59|22|100|44|146|28|67|148|115|90|14|143|51|41|78|51|91|135|127|41|17|136|20|108|2|145|40|28|20|88|6|40|131|135|97|78|1|141|38|23|60|131|114|76|102|142|145|74|87|142|142|1|37|129|70|80|115|117|61|45|23|149|116|123|109|58|112|0|104|39|88|111|17|20|66|134|46|74|107|125|125|4|24|100|120|135|110|119|74|3|86|6|144|46|64|106|2|62|97|63|70|121|19|17|4|88|141|62|141|95|79|132|104|140|21|53|134|21|18|134|94|6|141|17|5|61|85
Antena92|46|17|136|24|62|86|50|138|62|78|137|15|114|108|105|21|132|140|63|95|135|25|13|74|48|111|16|28|136|16|7|123|86|53|83|45|28|42|63|57|98|127|63|107|13|65|148|3|83|116|40|35|62|123|121|100|107|59|72|66|13|107|94|76|68|47|116|77|4|102|89|100|7|105|2|71|41|146|69|77|26|18|108|36|94|18|95|18|129|142|104|0|17|18|131|142|84|10|125|84|40|41|99|19|83|70|16|48|43|86|27|138|103|31|90|112|58|71|18|3|139|82|60|95|112|67|21|143|132|54|1|13|10|40|147|144|11|138|51|4|141|144|110|94|141|61|26|144|12|74
Antena93|123|79|7|27|30|92|131|85|27|137|44|108|88|146|5|54|126|149|11|19|54|14|142|62|85|106|27|95|13|50|92|42|76|60|32|106|74|21|83|105|126|106|108|44|72|135|27|75|31|111|148|84|119|134|29|119|41|38|97|126|125|118|37|22|11|135|35|84|76|51|45|103|52|57|2|65|98|3|147|136|73|150|57|82|54|44|121|111|141|42|39|17|0|60|15|84|17|35|66|111|108|45|62|80|124|69|6|118|140|88|147|38|135|57|12|46|22|117|62|98|105|26|47|85|41|53|78|122|1|58|3|126|16|34|142|149|84|20|94|92|104|116|61|58|55|44|36|148|9|58
Antena94|89|5|20|18|132|18|124|77|139|63|82|83|92|141|28|16|67|83|59|46|111|142|146|19|79|95|108|72|60|45|109|58|77|111|119|117|14|137|31|21|100|130|47|49|16|87|133|115|12|45|99|139|26|137|141|107|73|34|90|69|14|112|35|94|21|103|14|63|82|7|32|55|103|112|50|48|149|78|73|69|68|119|104|138|145|115|130|4|46|9|88|18|60|0|19|84|123|79|131|77|52|132|33|21|5|147|132|73|132|110|28|147|148|7|90|134|127|84|108|78|112|125|77|79|89|88|126|121|73|92|106|87|132|7|53|4|144|149|86|126|43|80|146|46|73|104|92|88|71|70
Antena95|84|84|103|94|122|67|98|64|41|25|124|19|114|134|13|70|111|109|105|50|94|43|77|59|21|122|85|118|115|1|36|139|30|19|77|39|41|110|140|64|62|149|144|137|57|140|58|32|45|145|56|85|67|10|109|99|55|82|30|39|141|150|109|143|58|115|91|108|88|114|84|12|1|7|30|67|8|27|66|6|113|11|5|95|48|128|91|31|116|77|111|131|15|19|0|12|94|54|84|140|125|44|12|120|126|37|84|3|14|92|25|3|18|87|132|97|105|1|106|119|127|94|111|12|132|120|40|127|95|132|133|39|33|115|71|35|22|67|73|137|101|91|149|56|3|102|25|4|82|11
Antena96|112|83|9|117|76|75|61|112|138|111|116|79|14|67|80|3|75|10|131|31|132|24|82|136|69|3|145|57|77|93|144|93|100|74|52|71|68|144|71|143|43|101|147|94|17|126|34|26|132|94|91|55|80|51|121|41|38|1|28|69|62|77|95|65|74|110|46|51|115|44|15|66|119|17|22|90|46|73|107|73|9|108|148|54|16|68|16|26|146|130|17|142|84|84|12|0|9|53|88|19|56|51|84|103|22|90|119|132|46|65|113|56|16|144|22|8|76|3|150|37|100|111|129|85|104|26|82|37|49|146|12|70|116|94|81|45|62|102|11|126|134|22|20|140|116|130|43|96|74|99
Antena97|58|19|5|110|90|90|88|6|55|110|116|107|80|48|81|15|38|3|6|57|119|118|27|57|19|95|132|55|129|68|127|114|119|45|120|98|147|101|91|80|42|25|31|19|69|146|52|65|148|92|69|15|50|58|123|109|30|117|61|16|19|38|64|33|27|139|77|102|6|117|110|54|148|32|67|125|45|107|71|49|148|49|21|76|121|23|112|137|55|33|20|84|17|123|94|9|0|74|63|20|135|63|129|145|5|146|27|81|94|49|128|24|28|39|62|87|146|146|145|38|73|112|12|55|141|30|46|133|46|150|7|1|135|127|51|85|36|10|39|89|63|40|93|82|49|104|141|133|17|34
Antena98|2|102|111|80|82|144|139|17|96|86|109|29|29|137|135|113|70|19|143|21|127|86|35|128|42|89|121|38|26|139|87|120|86|16|66|120|45|43|24|100|9|3|140|13|63|79|142|68|20|68|24|144|17|50|36|20|12|44|105|10|69|54|4|68|38|88|54|114|140|104|107|69|116|124|94|26|92|48|136|83|102|19|38|104|52|150|37|77|7|91|66|10|35|79|54|53|74|0|60|133|118|58|103|112|22|143|105|32|146|31|101|16|74|113|14|129|105|64|120|38|97|122|95|59|110|115|70|7|141|115|43|16|5|31|144|123|146|130|65|132|99|43|83|142|72|139|5|113|60|44
Antena99|140|96|87|46|142|27|58|59|42|55|100|114|103|36|139|117|131|57|30|11|5|93|54|111|89|130|111|22|93|92|130|21|101|64|134|101|133|34|91|24|105|100|142|148|137|128|137|109|28|5|19|9|109|61|7|109|120|111|45|55|99|82|134|4|43|48|16|38|126|139|51|88|49|89|141|94|14|1|8|110|34|40|135|27|106|18|28|96|149|45|134|125|66|131|84|88|63|60|0|59|68|100|150|38|83|59|40|143|29|131|23|100|137|135|74|85|43|15|26|38|8|66|135|5|142|139|73|81|142|114|111|58|39|33|126|33|83|26|12|108|7|47|58|93|88|47|126|16|39|66
Antena100|12|73|46|33|110|65|93|98|13|98|114|29|21|96|14|49|137|85|122|122|125|101|97|51|140|56|88|29|107|79|137|26|86|88|59|130|146|42|16|129|80|71|66|109|103|77|16|86|103|147|106|45|33|100|115|14|50|127|12|75|95|98|7|21|134|20|14|150|25|90|3|13|68|18|113|7|39|125|16|65|83|74|119|65|137|33|97|12|108|81|46|84|111|77|140|19|20|133|59|0|146|77|69|68|70|141|74|114|128|101|11|17|6|150|99|133|144|13|33|72|136|136|128|70|56|52|68|51|9|43|135|27|49|22|32|72|108|24|64|117|29|101|132|130|53|20|103|20|93|133
Antena101|85|48|13|103|85|97|148|54|133|18|61|62|75|84|19|52|9|109|54|9|103|100|84|104|54|41|87|33|11|3|148|146|69|99|4|138|67|41|150|5|72|140|107|45|27|143|139|39|131|34|106|92|33|58|18|147|148|79|52|44|77|94|5|127|75|9|89|145|88|135|98|51|29|150|38|45|90|87|106|135|96|149|101|60|87|115|28|124|16|69|74|40|108|52|125|56|135|118|68|146|0|46|107|80|21|28|110|103|7|42|30|16|130|65|7|60|12|110|3|91|97|76|149|71|115|121|138|113|119|122|9|104|32|101|46|41|11|114|11|31|88|108|56|89|25|54|146|142|11|108
Antena102|82|62|92|140|76|81|150|41|120|111|119|89|60|59|130|52|2|42|129|120|144|13|31|82|150|140|67|84|58|128|63|49|22|99|99|109|47|68|113|53|81|18|39|93|133|89|124|61|149|91|16|134|139|145|92|44|14|75|1|98|51|74|21|18|78|49|130|111|29|117|113|80|4|142|110|80|104|66|141|77|124|53|76|12|140|142|118|37|111|88|107|41|45|132|44|51|63|58|100|77|46|0|45|100|22|126|143|79|122|86|116|80|76|122|51|101|28|138|137|32|91|7|61|150|4|31|145|29|62|25|44|98|105|31|7|112|71|133|144|2|73|148|77|39|65|92|86|114|36|30
Antena103|63|44|84|139|110|119|10|13|62|31|72|57|124|141|87|3|43|50|53|137|60|117|130|121|107|97|56|125|32|124|46|13|88|4|70|51|19|135|24|49|135|91|64|136|69|109|81|109|98|108|145|10|52|64|84|110|18|125|47|146|6|63|82|118|125|18|140|126|147|148|4|140|67|60|132|42|39|63|77|108|131|62|55|77|147|25|74|64|72|36|125|99|62|33|12|84|129|103|150|69|107|45|0|100|26|55|17|31|77|106|64|130|85|63|84|51|118|89|70|123|105|109|5|61|117|6|51|82|70|106|96|25|118|141|9|75|80|109|56|18|4|87|7|83|71|23|100|103|118|111
Antena104|21|79|122|50|15|110|147|22|37|31|142|138|52|72|101|17|72|15|85|122|88|138|54|54|96|143|146|105|129|64|90|85|90|22|145|112|99|56|140|76|23|38|43|102|103|108|17|91|114|43|150|130|149|149|76|149|77|141|70|129|52|54|64|10|24|143|114|65|140|101|49|82|81|3|115|1|55|65|67|132|5|76|37|100|105|38|18|80|121|121|125|19|80|21|120|103|145|112|38|68|80|100|100|0|73|123|62|138|60|69|101|72|118|143|138|64|144|75|34|111|97|131|129|48|133|22|114|80|143|46|14|106|133|131|11|123|17|51|22|18|25|29|22|125|78|90|78|149|12|42
Antena105|68|25|44|62|28|104|3|93|120|119|40|18|90|123|119|48|11|13|147|128|58|63|83|79|58|49|35|60|93|25|146|63|26|104|132|58|1|17|47|81|150|57|138|90|125|98|137|72|115|24|83|133|111|86|143|107|114|42|140|87|122|126|74|91|79|63|99|27|21|40|75|87|131|5|115|35|76|113|31|21|141|55|39|47|149|130|121|69|50|149|4|83|124|5|126|22|5|22|83|70|21|22|26|73|0|71|125|39|146|120|108|89|85|57|72|134|44|34|32|141|20|55|44|45|90|43|6|5|3|5|144|16|126|148|100|69|19|131|123|25|122|119|43|90|45|62|20|73|126|30
Antena106|115|143|5|40|124|43|38|96|19|125|36|144|43|25|57|125|102|33|93|118|49|6|134|17|137|32|83|137|54|6|19|116|29|139|29|32|65|75|96|40|101|94|66|139|51|90|54|7|69|57|21|110|97|13|33|114|107|37|44|135|95|68|13|108|11|92|133|17|64|115|95|135|48|17|128|24|5|95|11|63|33|70|47|135|75|81|14|59|78|143|24|70|69|147|37|90|146|143|59|141|28|126|55|123|71|0|117|83|114|51|90|69|71|139|16|78|4|64|113|79|19|34|108|113|61|92|14|114|140|89|75|32|4|3|93|24|112|16|70|77|94|116|77|145|26|36|120|137|143|11
Antena107|104|14|53|98|93|71|4|28|63|84|35|141|42|45|73|130|36|6|83|124|111|50|32|41|91|23|123|72|26|11|89|12|29|66|41|2|6|127|5|65|80|110|83|135|93|129|54|97|71|133|15|113|123|93|33|30|37|6|122|60|133|137|147|129|83|135|26|129|69|86|86|92|93|12|34|43|61|46|34|94|21|47|4|10|92|79|118|81|19|55|100|16|6|132|84|119|27|105|40|74|110|143|17|62|125|117|0|146|16|118|104|13|7|128|65|24|8|109|138|5|57|33|47|117|85|55|135|1|65|148|33|100|49|140|41|128|119|33|44|95|67|150|23|127|23|36|122|75|96|125
Antena108|150|57|33|56|125|30|34|48|127|86|8|117|4|89|119|139|19|106|57|73|67|11|7|40|119|25|33|99|40|150|8|48|94|51|43|116|70|13|131|111|53|32|100|122|37|69|109|19|46|47|146|124|10|96|30|51|41|104|56|127|118|11|41|117|148|85|21|9|83|18|44|49|109|64|111|3|23|122|85|17|36|135|58|75|45|150|103|81|68|130|120|48|118|73|3|132|81|32|143|114|103|79|31|138|39|83|146|0|124|20|12|17|67|48|83|79|112|37|35|92|71|112|23|88|86|97|112|106|48|83|35|100|87|41|98|82|73|146|51|126|92|72|108|73|38|136|138|30|148|30
Antena109|41|146|75|132|112|39|53|16|26|37|91|28|69|147|134|78|27|90|84|127|74|29|128|64|14|111|123|125|136|17|78|84|25|99|36|73|132|122|90|94|150|149|121|81|81|35|118|90|73|4|68|51|144|124|32|62|6|81|46|41|10|123|65|16|21|81|142|88|65|36|14|90|18|77|74|76|47|11|140|83|132|114|99|12|42|3|117|139|105|106|135|43|140|132|14|46|94|146|29|128|7|122|77|60|146|114|16|124|0|12|52|146|47|105|16|83|56|136|98|135|59|16|20|128|53|101|11|122|26|75|8|116|124|100|45|145|83|92|65|115|37|87|106|18|13|88|95|44|145|18
Antena110|100|19|52|126|121|143|70|20|15|147|63|82|4|73|118|71|78|3|132|12|80|144|33|27|64|27|124|127|75|22|142|150|16|12|63|31|143|132|80|139|122|80|123|138|81|42|13|103|38|101|115|63|134|108|4|135|78|99|80|52|115|66|76|18|93|98|142|96|6|86|62|70|36|32|149|47|14|89|108|134|38|147|61|78|49|94|58|38|78|82|110|86|88|110|92|65|49|31|131|101|42|86|106|69|120|51|118|20|12|0|115|124|42|70|62|19|140|104|82|82|1|12|112|68|124|131|134|87|131|48|83|113|135|30|3|42|4|104|143|5|14|13|39|93|17|65|106|90|79|99
Antena111|127|108|64|99|92|44|63|6|45|11|11|51|49|126|24|18|51|84|23|40|43|135|99|120|104|83|104|90|12|125|132|128|117|100|20|9|72|72|131|40|17|23|72|36|131|110|119|23|109|102|14|72|3|90|75|120|60|73|136|19|84|125|54|100|92|91|71|94|104|106|14|107|5|14|133|133|84|65|127|123|63|87|115|9|95|100|25|116|81|79|119|27|147|28|25|113|128|101|23|11|30|116|64|101|108|90|104|12|52|115|0|124|144|135|9|124|68|34|102|17|143|46|3|92|71|20|142|105|45|149|100|88|70|78|101|92|115|31|99|68|43|8|107|125|124|55|25|68|74|23
Antena112|62|50|64|49|18|1|20|106|44|5|4|131|117|112|36|61|50|134|29|137|128|147|54|142|12|143|4|74|51|136|95|140|73|102|24|46|142|7|17|138|83|19|98|61|51|63|43|135|120|41|113|134|111|10|23|141|21|136|44|110|34|15|99|19|77|122|61|72|60|89|140|34|37|44|138|120|29|18|39|24|31|142|66|68|31|94|52|70|145|5|74|138|38|147|3|56|24|16|100|17|16|80|130|72|89|69|13|17|146|124|124|0|137|53|13|136|10|61|45|57|114|55|79|33|3|110|35|93|145|8|58|144|44|2|16|25|85|33|15|64|77|150|79|51|104|13|132|28|113|109
Antena113|135|146|99|18|41|114|126|61|35|136|39|75|82|71|67|15|143|119|113|138|54|54|80|150|107|135|112|100|144|89|77|70|137|124|136|96|115|10|65|57|32|90|93|62|14|10|49|75|101|142|60|123|49|12|110|53|92|39|95|17|83|119|110|39|41|43|96|19|85|16|145|117|149|68|39|121|5|142|115|149|74|74|41|81|133|71|125|17|62|71|3|103|135|148|18|16|28|74|137|6|130|76|85|118|85|71|7|67|47|42|144|137|0|45|22|3|42|78|103|110|18|141|86|78|104|127|93|129|59|64|112|44|42|19|116|122|5|14|131|78|142|56|75|66|76|68|81|56|140|53
Antena114|70|147|140|138|149|93|106|18|61|123|24|33|85|5|12|36|88|87|15|22|112|85|44|65|82|85|112|61|64|61|50|10|85|48|5|41|131|119|133|117|109|122|142|10|123|51|20|61|144|82|90|131|44|108|18|19|28|108|99|93|51|5|16|90|28|81|31|94|20|68|78|15|99|139|67|88|97|97|118|35|140|18|140|55|102|131|69|97|4|92|86|31|57|7|87|144|39|113|135|150|65|122|63|143|57|139|128|48|105|70|135|53|45|0|131|15|115|126|88|78|38|141|36|32|63|36|26|14|29|120|131|135|79|149|13|11|140|140|49|51|143|3|31|58|35|35|93|83|27|135
Antena115|134|113|150|40|49|111|16|143|20|67|103|144|71|99|10|3|61|94|69|145|89|107|41|66|15|81|8|121|75|55|34|115|54|134|119|24|4|113|18|50|110|74|139|137|96|56|42|118|32|134|118|45|24|136|83|143|56|87|20|109|5|14|116|16|140|127|47|133|75|117|130|1|17|42|33|24|139|126|35|79|14|28|117|44|114|125|54|68|124|46|6|90|12|90|132|22|62|14|74|99|7|51|84|138|72|16|65|83|16|62|9|13|22|131|0|104|93|79|36|6|33|145|27|61|91|69|63|31|129|141|52|102|108|148|85|109|22|94|103|122|45|47|87|7|49|24|60|115|14|138
Antena116|124|5|108|138|141|69|116|112|119|112|28|72|98|73|6|28|140|29|68|51|84|106|144|59|94|127|95|129|110|38|71|70|64|142|75|101|66|117|150|56|149|126|119|68|112|94|10|107|131|41|18|76|101|67|41|24|11|16|131|127|96|81|149|17|23|7|48|52|43|28|78|97|49|129|25|41|18|136|95|34|112|46|56|26|73|96|95|3|61|95|144|112|46|134|97|8|87|129|85|133|60|101|51|64|134|78|24|79|83|19|124|136|3|15|104|0|56|45|22|20|47|107|29|127|87|141|91|55|123|66|27|32|136|140|17|71|149|130|111|123|145|84|132|13|81|40|16|129|63|42
Antena117|128|101|142|34|83|41|95|128|11|67|116|17|27|103|14|97|104|35|94|75|32|44|55|92|82|35|99|33|118|2|88|116|97|44|16|121|148|66|76|128|2|57|81|78|88|88|59|129|129|72|128|117|23|148|32|44|46|140|48|129|23|72|12|106|120|32|3|29|53|78|6|38|62|59|27|127|31|61|121|40|21|18|147|57|56|56|120|96|123|58|46|58|22|127|105|76|146|105|43|144|12|28|118|144|44|4|8|112|56|140|68|10|42|115|93|56|0|121|99|115|126|103|65|78|66|63|51|23|16|20|64|22|48|108|112|98|136|32|102|57|94|91|38|98|12|59|102|50|11|96
Antena118|17|52|8|19|74|81|1|67|30|39|45|50|3|148|94|128|53|73|141|8|27|124|48|31|22|6|66|55|107|52|113|3|125|53|19|140|91|103|36|66|79|1|93|134|25|3|135|107|21|148|28|136|92|21|120|86|26|56|10|84|1|38|34|101|88|66|14|13|36|24|109|81|53|126|135|120|50|15|112|54|92|145|86|96|83|71|124|145|77|125|64|71|117|84|1|3|146|64|15|13|110|138|89|75|34|64|109|37|136|104|34|61|78|126|79|45|121|0|10|147|118|44|93|146|67|69|69|107|58|114|23|27|148|50|136|10|57|120|17|19|52|65|146|107|100|23|108|4|132|65
Antena119|43|87|33|102|51|49|55|29|25|34|11|92|83|87|114|98|115|102|55|3|55|99|59|117|50|134|84|84|20|109|1|65|75|27|31|144|17|24|89|113|92|20|19|32|19|53|86|124|3|82|49|143|127|144|64|89|59|3|11|124|62|148|64|97|15|90|56|111|12|125|36|1|52|127|36|105|17|107|35|91|25|7|25|83|133|97|13|14|131|105|106|18|62|108|106|150|145|120|26|33|3|137|70|34|32|113|138|35|98|82|102|45|103|88|36|22|99|10|0|84|7|118|133|126|49|41|119|27|79|11|51|15|93|62|80|54|150|97|119|47|104|106|55|103|84|36|99|56|131|103
Antena120|126|148|2|117|2|33|46|5|19|101|126|77|70|150|142|84|85|100|112|108|127|4|4|140|60|144|131|111|103|29|31|84|76|46|148|81|146|92|149|72|134|66|35|150|112|73|99|78|91|10|131|80|147|38|21|106|72|143|77|11|100|87|42|76|86|6|127|87|137|133|117|111|137|128|76|47|111|14|78|99|17|115|51|6|33|68|113|49|129|24|2|3|98|78|119|37|38|38|38|72|91|32|123|111|141|79|5|92|135|82|17|57|110|78|6|20|115|147|84|0|118|60|63|114|133|2|114|120|132|84|36|2|114|43|12|24|59|26|121|143|53|91|83|100|27|97|81|72|132|61
Antena121|119|49|32|23|150|13|147|139|16|77|9|134|120|20|125|71|63|127|88|26|39|25|87|49|106|125|78|71|138|109|74|144|93|48|80|142|72|39|65|24|118|65|126|88|44|32|123|68|82|5|50|68|6|81|112|75|20|38|137|12|23|34|103|22|147|21|119|92|3|123|123|48|93|37|21|70|61|129|116|13|38|99|35|144|52|74|116|55|62|107|62|139|105|112|127|100|73|97|8|136|97|91|105|97|20|19|57|71|59|1|143|114|18|38|33|47|126|118|7|118|0|76|42|110|71|79|93|60|85|47|124|137|148|146|116|8|40|146|33|107|114|107|114|55|100|61|51|50|138|40
Antena122|103|134|8|54|110|14|53|27|26|16|25|107|75|150|50|147|13|42|16|58|112|31|86|80|108|48|66|14|79|150|14|74|106|39|149|34|135|87|132|42|118|84|120|16|99|107|32|135|20|33|56|43|36|62|69|99|32|73|143|59|141|93|146|112|150|69|21|40|49|115|146|141|87|132|36|45|38|93|1|10|66|140|38|93|98|95|124|128|69|124|97|82|26|125|94|111|112|122|66|136|76|7|109|131|55|34|33|112|16|12|46|55|141|141|145|107|103|44|118|60|76|0|120|34|36|43|107|123|60|148|121|132|70|142|144|94|61|40|37|74|83|1|48|3|37|77|6|95|13|7
Antena123|35|145|15|4|11|150|90|51|123|147|15|53|83|99|145|141|112|48|21|142|7|76|54|139|24|38|138|73|130|75|32|19|55|41|132|144|133|8|129|125|144|57|91|126|88|116|48|71|83|18|76|115|83|25|6|87|80|111|135|112|123|70|114|91|147|105|33|93|95|121|109|68|22|144|115|145|44|13|69|87|118|50|63|23|14|9|20|7|32|49|63|60|47|77|111|129|12|95|135|128|149|61|5|129|44|108|47|23|20|112|3|79|86|36|27|29|65|93|133|63|42|120|0|93|130|18|40|15|26|121|142|95|118|128|87|16|37|41|49|87|59|7|68|140|97|12|54|5|51|100
Antena124|108|84|46|117|44|44|8|146|113|94|140|77|69|87|20|18|118|29|39|8|126|90|73|52|74|33|89|20|54|2|39|125|81|12|27|37|35|135|88|6|6|109|92|2|27|62|1|64|73|131|87|109|146|41|119|46|119|90|76|25|77|40|2|140|9|132|1|93|67|28|110|9|118|28|129|54|12|94|29|79|6|81|115|94|30|94|66|85|13|7|70|95|85|79|12|85|55|59|5|70|71|150|61|48|45|113|117|88|128|68|92|33|78|32|61|127|78|146|126|114|110|34|93|0|2|23|110|110|83|22|22|46|3|57|6|83|122|1|47|132|6|100|131|105|24|82|64|58|57|36
Antena125|139|13|32|46|42|145|76|20|20|147|43|12|107|44|104|21|34|71|38|54|62|37|103|78|78|133|99|110|62|109|72|70|65|67|95|49|47|84|108|51|10|49|58|82|42|20|110|109|58|1|61|36|8|86|1|41|118|24|120|5|48|32|115|119|29|117|74|72|48|73|10|125|67|149|94|42|76|59|111|101|64|43|109|36|88|8|38|24|23|137|121|112|41|89|132|104|141|110|142|56|115|4|117|133|90|61|85|86|53|124|71|3|104|63|91|87|66|67|49|133|71|36|130|2|0|80|38|93|27|70|57|12|22|88|27|3|141|134|125|65|106|96|88|7|58|147|86|51|144|97
Antena126|150|149|99|44|124|138|40|97|150|118|63|109|9|14|38|54|89|133|96|26|54|134|115|7|9|133|112|144|145|58|14|116|95|32|85|71|117|9|29|67|131|79|137|98|67|46|11|91|83|150|56|42|135|85|12|45|100|38|15|73|142|57|22|81|120|3|40|6|130|120|25|103|93|35|81|116|52|30|22|59|33|59|139|30|40|21|6|6|69|41|19|67|53|88|120|26|30|115|139|52|121|31|6|22|43|92|55|97|101|131|20|110|127|36|69|141|63|69|41|2|79|43|18|23|80|0|46|136|12|66|82|66|129|117|70|128|4|44|122|60|34|64|89|79|24|70|28|48|63|76
Antena127|90|13|18|94|93|141|133|68|54|140|99|147|103|50|40|29|88|124|138|126|136|36|129|15|112|91|1|29|27|36|6|71|7|149|148|142|74|92|104|140|136|88|121|81|132|14|102|133|7|26|84|39|138|130|5|95|112|134|90|22|45|89|147|117|102|53|99|100|143|10|16|83|2|12|120|24|138|70|7|43|76|84|132|100|85|37|142|68|46|116|17|21|78|126|40|82|46|70|73|68|138|145|51|114|6|14|135|112|11|134|142|35|93|26|63|91|51|69|119|114|93|107|40|110|38|46|0|59|38|74|5|50|133|69|143|116|105|100|136|57|97|74|78|70|21|21|140|34|124|23
Antena128|138|10|4|99|101|39|126|20|28|96|86|133|92|53|79|101|70|60|46|39|89|103|70|52|54|13|110|49|76|100|94|75|150|17|90|5|78|122|99|3|26|133|4|112|137|77|42|87|117|136|108|6|44|100|149|82|73|134|10|50|59|69|10|140|37|120|18|8|107|139|46|147|3|64|101|32|31|20|77|21|134|59|117|44|115|18|14|66|86|120|4|143|122|121|127|37|133|7|81|51|113|29|82|80|5|114|1|106|122|87|105|93|129|14|31|55|23|107|27|120|60|123|15|110|93|136|59|0|72|68|120|38|74|84|115|110|52|49|130|53|112|88|128|75|46|83|108|60|112|8
Antena129|100|145|112|54|31|16|99|84|52|122|20|148|119|84|105|134|46|33|129|9|44|141|49|35|150|101|79|10|90|1|71|105|119|86|100|76|125|42|95|90|86|35|97|74|138|81|15|59|39|150|5|102|75|80|2|96|96|127|27|122|88|87|15|41|7|11|65|7|109|72|116|27|32|126|62|124|43|16|36|83|20|40|94|128|16|86|62|62|125|147|88|132|1|73|95|49|46|141|142|9|119|62|70|143|3|140|65|48|26|131|45|145|59|29|129|123|16|58|79|132|85|60|26|83|27|12|38|72|0|38|117|93|54|83|133|87|14|99|134|68|77|35|124|16|95|74|43|115|109|43
Antena130|126|94|47|64|100|148|23|30|29|4|140|53|16|145|18|91|47|108|91|114|41|131|84|119|117|36|19|37|150|128|5|127|129|148|36|12|45|136|55|71|124|149|128|8|67|8|63|3|110|6|61|103|1|136|4|75|80|60|15|110|111|103|13|87|66|15|4|105|64|131|6|57|117|27|2|145|41|68|29|89|19|108|101|64|131|77|35|64|23|62|141|54|58|92|132|146|150|115|114|43|122|25|106|46|5|89|148|83|75|48|149|8|64|120|141|66|20|114|11|84|47|148|121|22|70|66|74|68|38|0|103|120|90|57|67|29|99|117|145|88|64|21|87|146|5|13|116|115|144|35
Antena131|43|102|108|86|64|76|33|77|148|146|108|101|42|84|126|147|116|103|38|78|51|63|15|103|58|31|51|84|130|81|18|112|14|68|80|23|21|41|26|100|39|32|40|33|125|130|40|7|59|108|50|39|34|43|10|33|23|63|1|53|21|3|19|49|10|67|145|147|114|18|3|10|103|72|5|61|16|108|50|107|44|35|120|130|91|72|6|20|74|99|62|1|3|106|133|12|7|43|111|135|9|44|96|14|144|75|33|35|8|83|100|58|112|131|52|27|64|23|51|36|124|121|142|22|57|82|5|120|117|103|0|110|14|81|98|45|28|18|131|143|8|123|137|71|130|24|101|92|16|86
Antena132|144|84|13|77|52|91|121|60|96|76|31|5|80|102|28|16|90|63|106|77|36|123|32|93|51|49|89|20|69|139|103|119|43|137|126|129|32|99|139|38|62|111|100|98|59|97|18|67|128|1|114|66|32|41|128|5|105|60|70|138|104|42|12|81|56|5|144|130|140|78|28|9|102|23|143|97|117|69|129|16|139|55|136|132|94|47|94|65|74|27|141|13|126|87|39|70|1|16|58|27|104|98|25|106|16|32|100|100|116|113|88|144|44|135|102|32|22|27|15|2|137|132|95|46|12|66|50|38|93|120|110|0|33|110|67|103|129|31|84|7|19|89|50|57|90|70|1|115|124|135
Antena133|113|44|142|67|148|119|20|62|43|40|53|3|66|93|120|91|146|6|53|135|6|78|40|29|2|136|137|12|140|55|126|140|91|69|107|99|64|61|100|44|55|42|142|116|61|69|17|10|7|91|12|45|136|61|109|66|8|114|110|92|29|23|26|6|34|109|20|130|66|132|104|144|145|21|149|35|78|33|57|46|150|150|126|73|50|104|105|136|1|20|95|10|16|132|33|116|135|5|39|49|32|105|118|133|126|4|49|87|124|135|70|44|42|79|108|136|48|148|93|114|148|70|118|3|22|129|133|74|54|90|14|33|0|69|95|48|68|149|101|136|16|106|26|33|67|143|85|126|116|82
Antena134|26|41|44|40|20|94|78|115|136|130|123|48|102|113|102|136|26|27|15|126|43|15|52|107|149|105|63|32|64|31|137|44|39|14|48|21|137|90|59|5|60|28|89|101|109|1|44|81|19|5|146|101|117|58|139|93|81|49|107|123|74|69|72|134|81|18|115|37|88|5|118|69|128|148|78|22|28|148|150|59|27|66|125|131|120|138|72|5|23|80|79|40|34|7|115|94|127|31|33|22|101|31|141|131|148|3|140|41|100|30|78|2|19|149|148|140|108|50|62|43|146|142|128|57|88|117|69|84|83|57|81|110|69|0|104|116|124|148|47|47|4|120|124|34|47|133|6|149|14|105
Antena135|107|31|14|16|126|79|47|33|71|69|97|85|4|29|7|98|93|136|56|72|147|97|122|74|54|54|43|87|74|27|104|88|136|79|26|85|106|27|44|40|32|114|144|130|38|40|141|120|126|6|125|54|26|61|72|90|7|90|6|35|117|33|52|134|117|139|59|4|33|101|17|143|104|39|89|126|85|74|113|102|130|80|137|119|51|72|131|139|57|98|132|147|142|53|71|81|51|144|126|32|46|7|9|11|100|93|41|98|45|3|101|16|116|13|85|17|112|136|80|12|116|144|87|6|27|70|143|115|133|67|98|67|95|104|0|84|149|129|113|64|111|136|101|13|52|148|33|19|65|29
Antena136|10|89|97|125|14|66|127|124|82|45|129|69|75|20|43|112|39|48|78|77|117|79|90|106|119|31|126|107|119|4|62|92|95|80|148|131|94|112|103|58|33|1|143|67|54|3|108|139|116|85|83|143|57|22|22|65|23|35|111|17|105|127|116|14|89|139|130|55|25|142|40|143|95|19|141|67|3|136|22|85|118|91|142|31|107|111|111|7|38|126|104|144|149|4|35|45|85|123|33|72|41|112|75|123|69|24|128|82|145|42|92|25|122|11|109|71|98|10|54|24|8|94|16|83|3|128|116|110|87|29|45|103|48|116|84|0|129|68|64|73|147|63|46|134|62|89|140|142|98|136
Antena137|1|43|149|107|141|19|122|83|49|53|92|130|79|31|129|114|69|80|16|108|138|84|34|70|80|113|21|63|127|15|147|130|122|68|79|99|47|78|134|14|135|26|108|50|119|11|2|26|65|44|88|65|98|113|89|50|134|43|26|5|144|81|110|120|91|105|115|10|28|13|31|22|127|64|10|129|105|92|139|133|85|35|48|65|37|66|28|144|135|93|140|11|84|144|22|62|36|146|83|108|11|71|80|17|19|112|119|73|83|4|115|85|5|140|22|149|136|57|150|59|40|61|37|122|141|4|105|52|14|99|28|129|68|124|149|129|0|19|72|50|54|5|23|43|89|63|139|65|86|92
Antena138|113|8|118|92|66|51|75|76|129|130|119|10|7|149|138|49|79|22|32|69|32|67|78|1|139|135|113|40|49|70|105|43|13|89|14|61|42|64|143|64|109|125|143|148|15|47|40|75|129|74|85|122|101|79|9|137|75|132|82|117|42|19|52|31|32|108|102|107|25|40|43|60|97|20|120|3|65|29|88|128|95|150|148|10|150|85|101|75|48|136|21|138|20|149|67|102|10|130|26|24|114|133|109|51|131|16|33|146|92|104|31|33|14|140|94|130|32|120|97|26|146|40|41|1|134|44|100|49|99|117|18|31|149|148|129|68|19|0|74|15|45|77|116|94|146|137|143|114|128|24
Antena139|138|138|117|88|126|91|15|52|139|34|132|24|143|93|110|36|35|62|125|58|95|56|35|75|148|47|25|67|24|71|63|39|37|147|20|94|123|58|121|16|28|139|56|68|104|111|77|72|141|96|31|83|113|99|148|66|144|38|142|22|26|63|72|123|84|131|51|150|90|119|100|105|105|57|37|145|5|141|142|119|87|140|17|139|122|92|9|93|130|57|53|51|94|86|73|11|39|65|12|64|11|144|56|22|123|70|44|51|65|143|99|15|131|49|103|111|102|17|119|121|33|37|49|47|125|122|136|130|134|145|131|84|101|47|113|64|72|74|0|2|82|6|34|16|112|61|20|132|65|146
Antena140|17|131|86|2|22|18|123|111|54|19|111|131|115|50|48|55|29|136|30|48|142|85|50|66|119|136|118|83|3|104|132|53|97|29|46|111|93|56|140|139|104|81|108|98|30|34|49|101|38|112|111|16|22|111|149|33|10|52|4|112|89|122|134|8|55|112|123|67|12|129|15|103|9|87|68|41|110|70|86|147|111|74|42|33|112|107|105|100|26|136|134|4|92|126|137|126|89|132|108|117|31|2|18|18|25|77|95|126|115|5|68|64|78|51|122|123|57|19|47|143|107|74|87|132|65|60|57|53|68|88|143|7|136|47|64|73|50|15|2|0|88|2|88|3|113|116|140|144|37|75
Antena141|13|90|48|84|23|19|76|14|112|51|86|2|134|141|128|33|130|41|114|21|55|22|112|134|27|98|12|101|74|109|19|93|62|127|107|1|77|150|119|87|130|106|115|55|134|40|30|112|99|9|24|99|74|111|122|129|10|92|108|63|100|14|48|1|84|98|85|28|112|55|40|32|108|125|116|34|111|148|93|15|78|60|140|123|9|16|78|144|147|12|21|141|104|43|101|134|63|99|7|29|88|73|4|25|122|94|67|92|37|14|43|77|142|143|45|145|94|52|104|53|114|83|59|6|106|34|97|112|77|64|8|19|16|4|111|147|54|45|82|88|0|140|64|53|36|48|117|83|16|142
Antena142|90|23|9|76|63|145|12|112|52|24|127|105|23|129|59|28|110|123|10|105|75|34|39|78|122|105|46|87|42|6|4|140|22|80|112|141|2|13|123|5|66|51|30|140|33|68|135|63|144|60|115|11|32|1|109|121|36|27|132|10|17|113|100|52|28|88|142|150|64|19|141|86|136|88|86|138|36|87|37|55|136|117|106|114|36|148|95|54|121|116|18|144|116|80|91|22|40|43|47|101|108|148|87|29|119|116|150|72|87|13|8|150|56|3|47|84|91|65|106|91|107|1|7|100|96|64|74|88|35|21|123|89|106|120|136|63|5|77|6|2|140|0|125|10|72|110|102|61|86|73
Antena143|24|102|103|129|45|64|93|33|137|121|86|102|97|130|65|113|144|139|22|67|121|120|146|68|67|139|77|49|45|10|147|144|128|51|26|8|52|36|116|115|118|49|49|34|81|132|24|111|34|139|97|145|52|96|11|38|55|20|20|97|42|58|39|36|101|123|29|24|55|122|105|54|18|28|141|74|92|93|53|95|91|31|36|57|103|97|10|62|109|69|134|110|61|146|149|20|93|83|58|132|56|77|7|22|43|77|23|108|106|39|107|79|75|31|87|132|38|146|55|83|114|48|68|131|88|89|78|128|124|87|137|50|26|124|101|46|23|116|34|88|64|125|0|30|76|100|29|36|132|146
Antena144|39|113|118|13|44|114|18|112|115|85|87|7|88|138|119|87|125|16|121|148|120|82|107|43|47|69|31|130|1|12|113|26|90|3|60|60|140|114|128|49|49|95|88|66|108|69|15|34|96|47|21|21|148|35|108|13|78|82|3|88|5|119|81|135|114|65|84|90|98|114|147|4|80|141|96|16|148|50|42|148|142|94|81|66|32|99|93|53|51|70|94|94|58|46|56|140|82|142|93|130|89|39|83|125|90|145|127|73|18|93|125|51|66|58|7|13|98|107|103|100|55|3|140|105|7|79|70|75|16|146|71|57|33|34|13|134|43|94|16|3|53|10|30|0|31|100|23|116|147|133
Antena145|28|148|126|105|116|139|21|66|120|83|141|10|99|6|71|134|71|88|107|79|140|108|91|37|57|59|1|4|48|141|85|8|147|68|66|37|140|21|93|80|122|28|90|75|96|118|11|138|81|62|89|130|34|36|103|62|146|24|71|108|144|75|52|32|22|39|51|134|103|27|145|9|82|66|88|99|144|141|84|71|32|30|86|31|29|22|147|86|89|143|6|141|55|73|3|116|49|72|88|53|25|65|71|78|45|26|23|38|13|17|124|104|76|35|49|81|12|100|84|27|100|37|97|24|58|24|21|46|95|5|130|90|67|47|52|62|89|146|112|113|36|72|76|31|0|79|9|125|105|22
Antena146|117|90|94|73|104|61|91|37|150|113|90|16|71|45|51|96|125|121|44|22|146|76|75|125|123|71|38|8|121|81|5|145|147|133|134|141|85|44|117|61|101|68|22|131|41|68|107|42|93|67|21|136|110|35|134|60|94|48|126|120|99|77|116|81|17|102|51|85|27|102|74|75|14|22|137|147|16|62|45|53|39|1|106|33|96|36|133|103|147|119|141|61|44|104|102|130|104|139|47|20|54|92|23|90|62|36|36|136|88|65|55|13|68|35|24|40|59|23|36|97|61|77|12|82|147|70|21|83|74|13|24|70|143|133|148|89|63|137|61|116|48|110|100|100|79|0|117|58|47|33
Antena147|125|16|19|118|144|147|135|94|140|88|140|22|93|48|67|19|99|11|36|26|130|108|23|123|142|32|90|56|114|108|89|67|57|125|15|97|23|105|73|30|11|114|61|43|81|82|149|61|36|134|86|26|144|36|110|113|134|84|70|97|138|40|17|126|59|135|135|40|32|58|26|109|76|105|92|118|111|47|24|22|32|80|106|127|13|150|149|80|17|39|17|26|36|92|25|43|141|5|126|103|146|86|100|78|20|120|122|138|95|106|25|132|81|93|60|16|102|108|99|81|51|6|54|64|86|28|140|108|43|116|101|1|85|6|33|140|139|143|20|140|117|102|29|23|9|117|0|74|73|24
Antena148|36|38|36|44|49|69|110|37|77|32|17|26|30|133|93|1|94|125|11|115|131|148|125|112|105|10|78|76|112|20|26|111|8|45|78|50|67|26|45|120|145|121|3|84|14|45|143|139|139|58|128|91|73|27|136|53|65|38|120|85|78|89|44|30|34|81|26|22|142|95|17|45|11|16|139|113|136|103|145|50|36|144|51|134|104|97|43|25|145|1|5|144|148|88|4|96|133|113|16|20|142|114|103|149|73|137|75|30|44|90|68|28|56|83|115|129|50|4|56|72|50|95|5|58|51|48|34|60|115|115|92|115|126|149|19|142|65|114|132|144|83|61|36|116|125|58|74|0|137|39
Antena149|118|114|68|30|109|143|10|145|115|94|56|86|9|86|140|107|136|108|53|142|66|74|133|80|64|10|126|73|123|125|73|83|26|138|123|72|10|111|97|145|23|75|25|137|16|36|29|115|66|119|114|70|59|87|91|103|80|82|61|132|51|9|99|143|6|16|33|75|105|135|27|66|61|125|101|142|45|67|95|115|87|104|40|99|107|127|107|70|142|125|61|12|9|71|82|74|17|60|39|93|11|36|118|12|126|143|96|148|145|79|74|113|140|27|14|63|11|132|131|132|138|13|51|57|144|63|124|112|109|144|16|124|116|14|65|98|86|128|65|37|16|86|132|147|105|47|73|137|0|120
Antena150|112|121|65|108|59|75|29|74|1|42|36|139|98|109|59|123|58|50|43|5|74|132|115|106|146|145|11|109|7|2|103|93|48|138|142|135|94|45|67|41|42|34|126|142|138|109|122|17|31|58|133|58|56|38|10|107|63|68|18|113|17|54|45|63|140|46|105|134|11|114|139|119|49|28|107|106|117|45|134|10|44|119|23|91|82|55|59|41|11|150|85|74|58|70|11|99|34|44|66|133|108|30|111|42|30|11|125|30|18|99|23|109|53|135|138|42|96|65|103|61|40|7|100|36|97|76|23|8|43|35|86|135|82|105|29|136|92|24|146|75|142|73|146|133|22|33|24|39|120|0
