0.6325192451477051 
0.665799617767334 
0.7004446983337402 
0.7676198482513428 
0.8268589973449707 
0.8644394874572754 
0.9303545951843262 
1.0437438488006592 
1.1267130374908447 
1.166236400604248 
1.2448701858520508 
1.286466121673584 
1.3397679328918457 
1.3897337913513184 
1.447850227355957 
1.512662410736084 
1.557889461517334 
1.585176706314087 
1.6738886833190918 
1.7144038677215576 
1.7647209167480469 
1.8817543983459473 
1.9215800762176514 
1.9460458755493164 
3.308244228363037 
3.5978376865386963 
3.8235888481140137 
2.359037399291992 
2.3478052616119385 
2.4650344848632812 
2.4678802490234375 
2.5329315662384033 
2.5995893478393555 
2.7117700576782227 
3.100050449371338 
2.893932580947876 
3.12208890914917 
3.142735004425049 
3.129218578338623 
3.0298852920532227 
3.072981595993042 